0.9592358653212283 -0.7138382351439629
0.9585384295843918 -0.7121025411441965
0.9578387370020632 -0.7103778528445245
0.9571367430336744 -0.7086641118235958
0.9564324029788172 -0.7069612597157704
0.9557256719736886 -0.7052692382141823
0.9550165049875621 -0.7035879890736553
0.9543048568192819 -0.7019174541134746
0.9535906820937822 -0.7002575752200183
0.9528739352586276 -0.6986082943492482
0.952154570580576 -0.6969695535290656
0.9514325421421614 -0.6953412948615321
0.9507078038382979 -0.6937234605249575
0.9499803093729015 -0.6921159927758596
0.9492500122555316 -0.6905188339507939
0.9485168657980504 -0.6889319264680591
0.9477808231112983 -0.687355212829277
0.9470418371017877 -0.6857886356208514
0.9462998604684117 -0.6842321375153056
0.9455548456991691 -0.6826856612725023
0.9448067450679039 -0.6811491497407447
0.9440555106310599 -0.6796225458577638
0.9433010942244495 -0.6781057926515911
0.9425434474600365 -0.6765988332413185
0.9417825217227315 -0.6751016108377481
0.9410182681672016 -0.6736140687439316
0.940250637714692 -0.6721361503556017
0.9394795810498608 -0.6706677991614968
0.9387050486176256 -0.6692089587435796
0.9379269906200224 -0.6677595727771516
0.9371453570130761 -0.6663195850308637
0.9363600975036832 -0.6648889393666253
0.9355711615465055 -0.663467579739411
0.9347784983408756 -0.6620554501969684
0.9339820568277131 -0.6606524948794267
0.933181785686453 -0.6592586580188055
0.9323776333319846 -0.6578738839384283
0.9315695479116016 -0.6564981170522384
0.9307574773019633 -0.6551313018640192
0.9299413691060677 -0.6537733829665204
0.9291211706502347 -0.6524243050404893
0.9282968289811018 -0.6510840128536092
0.92746829086263 -0.6497524512593453
0.9266355027731225 -0.6484295651956987
0.9257984109022535 -0.6471152996838684
0.9249569611481103 -0.6458095998268233
0.9241110991142467 -0.6445124108077839
0.9232607701067482 -0.643223677888614
0.9224059191313106 -0.6419433464081239
0.9215464908903306 -0.6406713617802845
0.920682429780009 -0.6394076694923533
0.9198136798874686 -0.638152215102913
0.9189401849878841 -0.6369049442398225
0.9180618885416265 -0.6356658025980807
0.9171787336914223 -0.6344347359376044
0.9162906632595264 -0.633211690080919
0.9153976197449106 -0.6319966109107645
0.9144995453204683 -0.6307894443676142
0.9135963818302333 -0.6295901364471091
0.9126880707866171 -0.6283986331974072
0.9117745533676618 -0.6272148807164466
0.9108557704143112 -0.6260388251491252
0.9099316624276994 -0.6248704126843952
0.9090021695664583 -0.6237095895522726
0.9080672316440443 -0.6225563020207632
0.907126788126085 -0.6214104963927038
0.9061807781277458 -0.6202721190025199
0.9052291404111179 -0.619141116212898
0.9042718133826287 -0.6180174344113758
0.9033087350904739 -0.6169010200068468
0.9023398432220734 -0.6157918194259817
0.9013650751015511 -0.614689779109566
0.9003843676872396 -0.6135948455087532
0.899397657569211 -0.6125069650812343
0.8984048809668332 -0.6114260842873235
0.897405973726355 -0.6103521495859595
0.8964008713185183 -0.6092851074306234
0.8953895088362003 -0.6082249042651714
0.8943718209920855 -0.6071714865195844
0.8933477421163695 -0.6061248006056325
0.8923172061544942 -0.6050847929124555
0.8912801466649167 -0.6040514098020591
0.8902364968169129 -0.6030245976047254
0.8891861893884153 -0.6020043026143403
0.888129156763889 -0.6009904710836349
0.887065330932244 -0.5999830492193418
0.8859946434847872 -0.5989819831772668
0.884917025613214 -0.5979872190572757
0.8838324081076419 -0.5969987028981941
0.8827407213546863 -0.5960163806726235
0.8816418953355801 -0.5950401982816703
0.880535859624339 -0.5940701015495893
0.8794225433859734 -0.5931060362183415
0.8783018753747479 -0.5921479479420652
0.8771737839324912 -0.5911957822814612
0.8760381969869564 -0.590249484698091
0.8748950420502334 -0.5893090005485887
0.8737442462172164 -0.588374275078786
0.8725857361641263 -0.5874452534177506
0.8714194381470902 -0.5865218805717363
0.8702452780007806 -0.5856041014180478
0.8690631811371137 -0.5846918606988166
0.8678730725440117 -0.5837851030146908
0.8666748767842276 -0.5828837728184356
0.8654685179942369 -0.5819878144084486
0.8642539198831957 -0.5810971719221851
0.8630310057319698 -0.5802117893294976
0.8617996983922339 -0.5793316104258861
0.8605599202856444 -0.5784565788256617
0.859311593403088 -0.5775866379550217
0.8580546393040068 -0.5767217310450375
0.8567889791158032 -0.5758618011245542
0.8555145335333261 -0.575006791013003
0.8542312228184403 -0.574156643313126
0.8529389667996824 -0.5733113004036132
0.8516376848720033 -0.5724707044316526
0.8503272959966021 -0.5716347973053925
0.8490077187008515 -0.5708035206863175
0.8476788710783183 -0.5699768159815376
0.846340670788881 -0.5691546243359905
0.8449930350589464 -0.5683368866245577
0.8436358806817688 -0.5675235434440953
0.8422691240178725 -0.5667145351053786
0.8408926809955827 -0.565909801624962
0.8395064671116643 -0.5651092827169543
0.8381103974320737 -0.5643129177847096
0.8367043865928246 -0.563520645912435
0.8352883488009719 -0.5627324058567147
0.8338621978357146 -0.5619481360379525
0.8324258470496226 -0.5611677745317318
0.8309792093699885 -0.5603912590600958
0.8295221973003072 -0.559618526982746
0.8280547229218882 -0.5588495152881632
0.826576697895601 -0.558084160584649
0.8250880334637576 -0.5573223990912906
0.8235886404521361 -0.5565641666288486
0.822078429272146 -0.5558093986105707
0.8205573099231412 -0.5550580300329307
0.8190251919948809 -0.5543099954662953
0.8174819846701438 -0.5535652290455189
0.8159275967274977 -0.5528236644604693
0.8143619365442278 -0.5520852349464848
0.8127849120994268 -0.5513498732747641
0.8111964309772507 -0.5506175117426919
0.8095964003703428 -0.5498880821640999
0.8079847270834299 -0.5491615158594678
0.8063613175370942 -0.5484377436460639
0.8047260777717224 -0.5477166958280283
0.803078913451639 -0.546998302186401
0.8014197298694229 -0.5462824919690972
0.7997484319504155 -0.5455691938808311
0.7980649242574189 -0.5448583360729927
0.7963691109955925 -0.5441498461334779
0.794660896017547 -0.5434436510764764
0.7929401828286436 -0.5427396773322193
0.7912068745924989 -0.5420378507366899
0.7894608741367003 -0.5413380965212998
0.7877020839587359 -0.5406403393025354
0.7859304062321417 -0.5399445030715756
0.784145742812871 -0.5392505111838863
0.7823479952458874 -0.5385582863487949
0.7805370647719881 -0.5378677506190469
0.7787128523348587 -0.5371788253803513
0.7768752585883643 -0.5364914313409168
0.7750241839040809 -0.5358054885209831
0.7731595283790701 -0.5351209162423528
0.7712811918439005 -0.534437633117928
0.7693890738709213 -0.5337555570412552
0.767483073782789 -0.5330746051760852
0.7655630906612546 -0.5323946939459512
0.7636290233562102 -0.5317157390237722
0.7616807704950036 -0.5310376553214854
0.7597182304920208 -0.5303603569797136
0.7577413015585422 -0.5296837573574745
0.7557498817128752 -0.5290077690219359
0.7537438687907663 -0.5283323037382246
0.751723160456098 -0.5276572724592944
0.7496876542118722 -0.52698258531586
0.7476372474114842 -0.5263081516064034
0.7455718372702907 -0.5256338797872601
0.743491320877476 -0.5249596774627908
0.741395595208218 -0.5242854513756489
0.7392845571361586 -0.5236111073971472
0.737158103446182 -0.5229365505177361
0.7350161308475026 -0.5222616848375967
0.7328585359870664 -0.5215864135573607
0.7306852154632698 -0.5209106389689637
0.7284960658399969 -0.5202342624466406
0.7262909836609795 -0.5195571844380722
0.7240698654644824 -0.5188793044556921
0.7218326077983159 -0.5182005210681633
0.7195791072351796 -0.5175207318920334
0.7173092603883374 -0.5168398335835791
0.7150229639276294 -0.5161577218308491
0.7127201145958203 -0.515474291345916
0.7104006092252869 -0.514789435857348
0.7080643447550486 -0.51410304810291
0.7057112182481396 -0.5134150198225063
0.7033411269093276 -0.512725241751375
0.700953968103178 -0.5120336036135464
0.6985496393724676 -0.5113399941155758
0.6961280384569465 -0.5106443009405636
0.693689063312451 -0.5099464107424737
0.6912326121303679 -0.5092462091407646
0.6887585833574513 -0.5085435807153422
0.6862668757159915 -0.5078384090018507
0.6837573882243376 -0.5071305764873113
0.6812300202177727 -0.5064199646061246
0.6786846713697433 -0.505706453736448
0.6761212417134409 -0.5049899231969629
0.6735396316637362 -0.5042702512440447
0.6709397420394654 -0.5035473150693496
0.6683214740860671 -0.502820990797833
0.6656847294985687 -0.5020911534862134
0.6630294104449211 -0.5013576771218952
0.6603554195896798 -0.5006204346223675
0.6576626601180302 -0.4998792978350911
0.6549510357601556 -0.49913413753789054
0.6522204508159436 -0.498384823439865
0.6494708101800308 -0.49763122418283423
0.6467020193671795 -0.4968732073433342
0.6439139845379852 -0.4961106394351781
0.6411066125249102 -0.4953433859125986
0.6382798108586389 -0.4945713111739862
0.6354334877947515 -0.4937942785662402
0.632567552340709 -0.49301215038974755
0.6296819142831477 -0.49222478790400537
0.6267764842154734 -0.4914320513339031
0.6238511735657537 -0.4906337998766802
0.6209058946248989 -0.48982989170957486
0.617940560575126 -0.48902018399817965
0.6149550855186995 -0.4882045329055202
0.6119493845069391 -0.4873827936018718
0.6089233735694897 -0.4865548202753304
0.6058769697438421 -0.4857204661431526
0.6028100911050985 -0.4848795834638807
0.5997226567959709 -0.4840320235502675
0.5966145870570052 -0.4831776367830161
0.5934858032570192 -0.48231627262534954
0.5903362279237448 -0.48144777963842444
0.5871657847746637 -0.48057200549760365
0.5839743987480234 -0.4796887970096011
0.580761996034024 -0.4787980001305136
0.5775285041061623 -0.4778994599847519
0.5742738517527188 -0.47699302088488477
0.5709979691083775 -0.4760785263524085
0.5677007876859615 -0.47515581913945387
0.5643822404082721 -0.4742247412514427
0.5610422616400156 -0.47328513397070476
0.5576807872198025 -0.47233683788106584
0.5542977544922042 -0.4713796928934176
0.5508931023398496 -0.47041353827227805
0.5474667712155453 -0.46943821266335234
0.5440187031744032 -0.46845355412210116
0.540548841905955 -0.4674594001433253
0.5370571327662391 -0.46645558769177276
0.5335435228098373 -0.4654419532337739
0.5300079608218446 -0.46441833276991124
0.5264503973497519 -0.46338456186872684
0.52287078473522 -0.46234047570147174
0.5192690771457269 -0.4612859090778997
0.5156452306060644 -0.46022069648310665
0.5119992030296644 -0.4591446721154171
0.5083309542497324 -0.4580576699253165
0.5046404460501653 -0.45695952365542847
0.5009276421962315 -0.4558500668815343
0.4971925084649893 -0.45472913305463064
0.4934350126754205 -0.45359655554402123
0.48965512471825523 -0.4524521676814358
0.4858528165854633 -0.4512958028061696
0.482028062399388 -0.45012729431123416
0.47818083844149667 -0.44894647569051016
0.47431112318072377 -0.4477531805868908
0.47041889730138 -0.44654724284140296
0.4665041437306022 -0.4453284965432927
0.4625668476653184 -0.4440967760810591
0.45860699659870086 -0.44285191619441994
0.45462458034608205 -0.4415937520271914
0.4506195910703064 -0.4403221191810611
0.4465920233064913 -0.4390368537702338
0.44254187398617106 -0.43773779247692735
0.4384691424607972 -0.43642477260769375
0.4343738305245682 -0.4350976321505404
0.4302559424365624 -0.43375620983282365
0.42611548494214757 -0.4324003451798859
0.4219524672936407 -0.4310298785744061
0.4177669012701917 -0.42964465131643137
0.4135588011968654 -0.4282445056840564
0.4093281839628957 -0.42682928499471556
0.4050750690390869 -0.4253988336670513
0.40079947849433634 -0.4239529972833205
0.39650143701125445 -0.4224916226522997
0.3921809719008574 -0.4210145578726481
0.38783811311630867 -0.4195216523966852
0.38347289326568623 -0.4180127570945407
0.3790853476237525 -0.4164877243186302
0.3746755141427052 -0.4149464079684105
0.3702434334618875 -0.41338866355536735
0.3657891489164364 -0.41181434826818586
0.36131270654485037 -0.4102233210380534
0.3568141550954559 -0.40861544260404425
0.35229354603175556 -0.4069905755785327
0.34775093353663983 -0.405348584512582
0.3431863745154465 -0.403689335961254
0.33859992859785193 -0.4020126985487848
0.33399165813858045 -0.40031854303356973
0.3293616282169179 -0.39860674237290156
0.32470990663501786 -0.3968771717874038
0.32003656391498964 -0.39512970882510146
0.31534167329475793 -0.3933642334250708
0.3106253107226863 -0.39158062798060905
0.3058875548509571 -0.3897787774018648
0.30112848702770234 -0.3879585691778702
0.2963481912878808 -0.3861198934379152
0.29154675434289923 -0.3842626430122043
0.2867242655689751 -0.382386713491737
0.2818808169942423 -0.3804920032873519
0.2770165032845994 -0.3785784136878774
0.27213142172830607 -0.37664584891732866
0.26722567221932914 -0.37469421619109455
0.26229935723944736 -0.3727234257710569
0.2573525818391206 -0.3707333910195858
0.2523854536171331 -0.3687240284523555
0.24739808269902264 -0.3666952577899265
0.2423905817143064 -0.36464700200804023
0.23736306577251895 -0.3625791873865747
0.23231565243807684 -0.36049174355710956
0.22724846170398774 -0.35838460354905183
0.22216161596442227 -0.35625770383427396
0.21705523998616888 -0.354110984370218
0.21192946087899353 -0.3519443886414217
0.20678440806492734 -0.34975786369942324
0.20162021324650684 -0.34755136020100447
0.19643701037399292 -0.34532483244473283
0.19123493561159605 -0.3430782384057665
0.18601412730273645 -0.34081153976888723
0.18077472593436944 -0.3385247019597287
0.17551687410040728 -0.33621769417417086
0.17024071646427036 -0.33389048940587185
0.1649463997206011 -0.3315430644719132
0.15963407255617593 -0.32917540003653434
0.15430388561005082 -0.3267874806329378
0.1489559914329776 -0.32437929468314586
0.14359054444612876 -0.32195083451589507
0.1382077008991693 -0.31950209638255483
0.13280761882771547 -0.31703308047106205
0.12739045801021998 -0.31454379091786305
0.12195637992432512 -0.3120342358178601
0.11650554770272475 -0.30950442723235944
0.11103812608857716 -0.30695438119502305
0.10555428139051108 -0.30438411771582735
0.10005418143726746 -0.3017936607830354
0.09453799553201987 -0.29918303836319143
0.08900589440641649 -0.2965522823991502
0.08345805017438697 -0.29390142880615433
0.07789463628575719 -0.29123051746597733
0.07231582747971503 -0.28853959221915143
0.06672179973817016 -0.2858287008553018
0.06111273023905046 -0.28309789510161176
0.055488797309577606 -0.28034723060944455
0.049850180379563874 -0.27757676693915195
0.04419705993477167 -0.2747865675430991
0.038529617470376976 -0.2719766997469395
0.03284803544457723 -0.2691472347291752
0.02715249723238334 -0.26629824749903863
0.021443187079635176 -0.2634298168727358
0.015720290057278652 -0.2605420254480905
0.009983992015941997 -0.25763495957763266
0.004234479540847771 -0.254708709340174
-0.0015280600929037979 -0.25176336851091685
-0.007303438964645568 -0.24879903453014246
-0.013091468552014792 -0.24581580847052656
-0.018891959774352613 -0.2428137950031317
-0.024704723035600493 -0.23979310236212611
-0.03052956826666354 -0.23675384230828025
-0.03636630496721194 -0.23369613009129284
-0.042214742246892985 -0.23062008441099896
-0.048074688865927445 -0.22752582737751367
-0.05394595327506538 -0.22441348447036435
-0.059828343654877936 -0.22128318449666637
-0.06572166795436282 -0.21813505954839618
-0.07162573392884286 -0.21496924495881667
-0.07754034917713802 -0.21178587925810924
-0.0834653211779932 -0.2085851041282675
-0.08940045732574504 -0.20536706435730714
-0.09534556496521279 -0.20213190779284634
-0.10130045142579938 -0.19887978529511094
-0.10726492405479054 -0.19561085068941805
-0.11323879024984115 -0.19232526071819162
-0.11922185749063918 -0.18902317499256238
-0.12521393336973935 -0.18570475594360483
-0.13121482562255982 -0.18237016877326234
-0.13722434215653648 -0.17901958140501142
-0.14324229107943107 -0.17565316443431486
-0.14926848072679028 -0.1722710910789129
-0.15530271968855483 -0.16887353712900055
-0.16134481683481813 -0.16546068089733823
-0.16739458134073593 -0.1620327031693415
-0.17345182271058943 -0.15858978715319536
-0.17951635080100542 -0.1551321184300363
-0.18558797584333814 -0.15165988490424562
-0.19166650846521907 -0.14817327675389458
-0.1977517597112813 -0.1446724863813823
-0.20384354106306699 -0.14115770836430508
-0.2099416644581265 -0.13762913940659477
-0.21604594230832005 -0.13408697828996277
-0.22215618751733202 -0.13053142582568453
-0.22827221349741073 -0.1269626848067583
-0.23439383418534596 -0.12338095996047065
-0.24052086405769818 -0.1197864579013996
-0.2466531181452939 -0.11617938708488518
-0.2527904120470023 -0.11255995776099562
-0.2589325619428093 -0.10892838192901638
-0.2650793846062053 -0.1052848732924875
-0.2712306974159045 -0.10162964721481356
-0.277386318366913 -0.09796292067546956
-0.28354606608096483 -0.09428491222682409
-0.28970975981634395 -0.09059584195160046
-0.2958772194771128 -0.08689593142099497
-0.3020482656217665 -0.08318540365347009
-0.3082227194713332 -0.07946448307423952
-0.3144004029169413 -0.07573339547546049
-0.32058113852687525 -0.07199236797714768
-0.32676474955313967 -0.06824162898882224
-0.33295105993755525 -0.06448140817190764
-0.33913989431740693 -0.060711936402883804
-0.3453310780306672 -0.056933445737209286
-0.3515244371208165 -0.05314616937402066
-0.3577197983412828 -0.04935034162161705
-0.36391698915952336 -0.04554619786373691
-0.37011583776077084 -0.04173397452663333
-0.37631617305146653 -0.03791390904695301
-0.3825178246624033 -0.03408623984042355
-0.3887206229516007 -0.030251206271352617
-0.39492439900693493 -0.02640904862294192
-0.4011289846485462 -0.02256000806841818
-0.4073342124310457 -0.018704326642982556
-0.4135399156455445 -0.014842247216579351
-0.41974592832152674 -0.010974013467484191
-0.42595208522858835 -0.007099869856711235
-0.43215822187806396 -0.003220061603238493
-0.43836417452456267 0.0006651653399502894
-0.4445697801674344 0.00455556430900914
-0.4507748765521878 0.008450887951561266
-0.4569793021718795 0.01235088824822124
-0.4631828962684968 0.016255316533311293
-0.4693854988343517 0.02016392351477542
-0.4755869506135073 0.02407645929329537
-0.48178709310325524 0.027992673380612912
-0.4879857685556626 0.03191231471706313
-0.49418281997920743 0.03583513168832371
-0.5003780911405198 0.0397608721413856
-0.5065714265662459 0.043689283399750506
-0.5127626715450527 0.047620112277861136
-0.5189516721297881 0.05155310509477018
-0.5251382751398133 0.05548800768705431
-0.5313223281635214 0.05942456542097971
-0.5375036795610584 0.06336252320392591
-0.5436821784672571 0.06730162549507476
-0.5498576747948007 0.07124161631537178
-0.556030019237626 0.07518223925676722
-0.562199063274577 0.07912323749074453
-0.5683646591733236 0.08306435377614395
-0.5745266599945495 0.08700533046628946
-0.5806849195964244 0.09094590951542736
-0.5868392926393637 0.09488583248448532
-0.5929896345910866 0.09882484054616071
-0.5991358017319763 0.10276267448934769
-0.6052776511607507 0.1066990747229127
-0.6114150408004438 0.11063378127882866
-0.6175478294047055 0.11456653381467818
-0.6236758765644191 0.11849707161553741
-0.6297990427146387 0.1224251335952516
-0.6359171891418465 0.12635045829711522
-0.6420301779915284 0.1302727838939693
-0.6481378722760659 0.13419184818772978
-0.65424013588294 0.1381073886083616
-0.6603368335832432 0.14201914221231376
-0.6664278310404913 0.1459268456804318
-0.6725129948197289 0.14983023531536543
-0.6785921923969193 0.15372904703848983
-0.6846652921686067 0.15762301638636042
-0.6907321634618407 0.1615118785067229
-0.6967926765443471 0.165395368154101
-0.702846702634931 0.16927321968498643
-0.708894113914096 0.17314516705265776
-0.7149347835348585 0.1770109438016556
-0.7209685856337392 0.18087028306194505
-0.7269953953419085 0.1847229175427971
-0.7330150887964618 0.18856857952642433
-0.7390275431518002 0.19240700086140783
-0.7450326365910878 0.19623791295595547
-0.7510302483377569 0.20006104677103437
-0.7570202586670299 0.20387613281342368
-0.7630025489174244 0.20768290112873672
-0.7689770015022054 0.21148108129446563
-0.7749434999207501 0.21527040241310472
-0.7809019287697826 0.21905059310541314
-0.7868521737544396 0.22282138150388173
-0.7927941216991231 0.22658249524647275
-0.7987276605580946 0.23033366147070672
-0.8046526794257635 0.23407460680817468
-0.8105690685466194 0.23780505737956031
-0.8164767193247586 0.24152473879026076
-0.8223755243329489 0.24523337612670182
-0.828265377321178 0.24893069395344844
-0.8341461732246277 0.25261641631121806
-0.8400178081710139 0.25629026671591104
-0.8458801794872304 0.25995196815877913
-0.8517331857052326 0.26360124310786015
-0.8575767265670962 0.2672378135108147
-0.8634107030291817 0.2708614007993085
-0.8692350172653364 0.27447172589509156
-0.8750495726690627 0.2780685092179345
-0.8808542738545788 0.2816514706955905
-0.886649026656698 0.28522032977595996
-0.8924337381294499 0.28877480544164535
-0.8982083165433674 0.2923146162270914
-0.9039726713813582 0.295839480238517
-0.9097267133330829 0.2993491151768544
-0.9154703542877572 0.30284323836392074
-0.9212035073252978 0.30632156677205885
-0.9269260867057253 0.3097838170574928
-0.9326380078567464 0.31322970559765523
-0.9383391873594255 0.31665894853275417
-0.9440295429318646 0.32007126181185686
-0.9497089934108075 0.32346636124377925
-0.955377458731081 0.3268439625530805
-0.9610348599027924 0.3302037814414715
-0.9666811189861969 0.33354553365495765
-0.9723161590641551 0.3368689350570451
-0.9779399042120953 0.3401737017083501
-0.9835522794654029 0.34345954995295963
-0.9891532107841566 0.34672619651190106
-0.9947426250151341 0.34997335858408585
-1.0003204498510117 0.3532007539551004
-1.0058866137866855 0.35640810111422366
-1.0114410460726437 0.3595951193800564
-1.01698367666532 0.3627615290351524
-1.0225144361743674 0.36590705147004515
-1.0280332558067882 0.36903140933706474
-1.0335400673078627 0.37213432671434216
-1.0390348028988254 0.3752155292803956
-1.044517395211235 0.37827474449969134
-1.0499877772179973 0.38131170181956653
-1.0554458821609976 0.3843261328788949
-1.0608916434753062 0.38731777172886583
-1.0663249947099296 0.3902863550662366
-1.0717458694450772 0.3932316224794013
-1.0771542012059256 0.3961533167076038
-1.0825499233728644 0.39905118391359934
-1.087932969088213 0.4019249739700459
-1.0933032711594044 0.4047744407598776
-1.098660761958636 0.4075993424908806
-1.1040053733189912 0.4103994420246545
-1.1093370364270452 0.4131745072201031
-1.114655681711967 0.4159243112915503
-1.1199612387311384 0.41864863318152795
-1.1252536360523102 0.4213472579482272
-1.1305328011323243 0.4240199771675407
-1.135798660192428 0.42666658934955987
-1.1410511380902095 0.42928690036931505
-1.146290158188188 0.4318807239114698
-1.1515156422190826 0.4344478819285936
-1.1567275101477958 0.4369882051125458
-1.1619256800301287 0.4395015333784048
-1.1671100678682522 0.44198771636027007
-1.1722805874629454 0.44444661391815216
-1.177437150262606 0.4468780966550452
-1.1825796652090228 0.4492820464431483
-1.1877080385798904 0.4516583569580669
-1.1928221738280247 0.4540069342196815
-1.1979219714172176 0.4563276971382205
-1.2030073286546463 0.4586205780639134
-1.2080781395197182 0.460885523338434
-1.2131342944892007 0.46312249384616755
-1.2181756803584411 0.46533146556314964
-1.2232021800584356 0.4675124301013352
-1.228213672468446 0.4696653952456506
-1.233210032223801 0.47179038548107444
-1.2381911295184378 0.4738874425067717
-1.2431568299016524 0.4759566257340775
-1.2481069940684246 0.4779980127648889
-1.253041477642556 0.48001169984677383
-1.2579601309517243 0.48199780230084915
-1.262862798793388 0.48395645491820966
-1.267749320190283 0.48588781232040873
-1.272619528134025 0.4877920492791992
-1.2774732493150658 0.4896693609904362
-1.282310303836939 0.49151996329672243
-1.2871305049123576 0.49334409285304276
-1.2919336585382926 0.4951420072292772
-1.296719563146644 0.4969139849431121
-1.301488009226498 0.4986603254164718
-1.3062387789132381 0.500381348848173
-1.3109716455389044 0.5020773959950546
-1.3156863731371558 0.5037488278533521
-1.3203827158949442 0.5053960252315606
-1.3250604175415175 0.5070193882054618
-1.3297192106635662 0.5086193354453579
-1.334358815933169 0.5101963034048606
-1.3389789412325737 0.5117507453597991
-1.3435792806566862 0.5132831302849266
-1.3481595133702977 0.5147939415550865
-1.3527193022924116 0.5162836754563304
-1.357258292574334 0.5177528394910962
-1.3617761098312373 0.5192019504599347
-1.3662723580783744 0.5206315323003161
-1.3707466173126508 0.5220421136606989
-1.3751984406673554 0.5234342251851657
-1.3796273510519206 0.5248083964803993
-1.3840328371688408 0.5261651527323841
-1.3884143487753806 0.5275050109347516
-1.3927712910271897 0.528828475683817
-1.3971030177028716 0.5301360344866927
-1.4014088230609305 0.5314281525178943
-1.405687932020846 0.5327052667459319
-1.4099394882851624 0.5339677793336705
-1.414162539925489 0.535216050193721
-1.4183560218373896 0.5364503885515023
-1.4225187343214971 0.5376710433323637
-1.4266493168641208 0.5388781921434956
-1.4307462159628372 0.5400719285643605
-1.434807645564122 0.5412522473892595
-1.4388315383463786 0.542419027381317
-1.4428154856944992 0.5435720109993764
-1.4467566637870792 0.5447107804528298
-1.450651742798115 0.545834729336979
-1.4544967758970366 0.5469430290306401
-1.4582870647025 0.5480345890521242
-1.4620169984521545 0.54910801076758
-1.4656798659904815 0.5501615343959724
-1.469267643719204 0.5511929804304696
-1.4727707703428288 0.5521996888005429
-1.4761779324451914 0.5531784628512135
-1.4794759054462012 0.5541255310024574
-1.4826495225263747 0.5550365467968176
-1.485681875158514 0.5559066566156394
-1.4885548690580768 0.5567306696537138
-1.4912502422184286 0.5575033592889198
-1.4937510646559744 0.5582198996564023
-1.49604356961548 0.5588763926874535
-1.4981189597280955 0.5594703827044489
-1.4999747074055176 0.560001221672797
-1.5016149494679807 0.5604701728594877
-1.5030498664521923 0.5608802243824504
-1.5042942813106173 0.5612356819768488
-1.5053659139567566 0.561541666618913
-1.506283712520126 0.5618036369381069
-1.5070665237414778 0.5620270104435617
-1.5077321864301516 0.5622169065523369
-1.5082970097372954 0.5623779997732159
-1.508775544894586 0.5625144565433092
-1.5091805538751053 0.5626299279689357
-1.509523095704752 0.5627275757974876
-1.5098126737908817 0.5628101154817311
-1.5100574075464208 0.5628798659093524
-1.5102642063917313 0.562938799600232
-1.5104389341901725 0.5629885900143867
-1.510586558440623 0.5630306543927043
-1.510711282262281 0.563066191602484
-1.5108166592719716 0.563096215040901
-1.5109056925082625 0.563121580943784
-1.5109809190162145 0.5631430125732176
-1.5110444818318218 0.5631611207894938
-1.511098191053155 0.5631764214953573
-1.5111435755478853 0.5631893503993337
-1.5111819266762567 0.5632002754948389
-1.5112143352329455 0.5632095076006535
-1.5112417226449497 0.5632173092601951
-1.5112648673121398 0.5632239022535795
-1.5112844268444483 0.5632294739382667
-1.5113009568347178 0.5632341826010551
-1.5113149267076191 0.5632381619758821
-1.5113267331010665 0.5632415250578233
-1.5113367111653293 0.5632443673232802
-1.5113451441047978 0.5632467694491132
-1.511352271236498 0.5632487996089329
-1.511358294796545 0.5632505154125012
-1.5113633856895554 0.5632519655438618
-1.5113676883455494 0.5632531911451202
-1.5113713248231693 0.5632542269854485
-1.5113743982763816 0.5632551024487182
-1.5113769958835568 0.5632558423679492
-1.5113791913224148 0.5632564677303665
-1.5113810468613345 0.563256996273157
-1.5113826151265481 0.5632574429868886
-1.511383940595504 0.5632578205409154
-1.5113850608588537 0.5632581396428707
-1.5113860076869403 0.5632584093424653
-1.511386807931088 0.5632586372882254
-1.5113874842852921 0.5632588299444654
-1.5113880559299455 0.5632589927746537
-1.5113885390758715 0.5632591303963833
-1.5113889474241105 0.5632592467123408
-1.5113892925545085 0.5632593450209974
-1.511389584254135 0.5632594281101573
-1.5113898307948483 0.5632594983360223
-1.5113900391678847 0.5632595576900138
-1.5113902152821252 0.5632596078552489
-1.5113903641316653 0.5632596502542715
-1.5113904899374406 0.5632596860893949
-1.5113905962669254 0.5632597163767965
-1.511390686135299 0.563259741975335
-1.51139076209095 0.5632597636109062
-1.5113908262877422 0.5632597818970274
-1.5113908805460934 0.563259797352235
-1.5113909264045966 0.5632598104147898
-1.5113909651636515 0.5632598214551034
-1.5113909979223392 0.563259830786244
-1.5113910256095895 0.5632598386728118
-1.5113910490105222 0.5632598453384446
-1.511391068788711 0.563259850972158
-1.5113910855050003 0.5632598557337052
-1.5113910996334088 0.5632598597581081
-1.5113911115745715 0.5632598631594855
-1.5113911216671 0.5632598660342893
-1.5113911301971852 0.5632598684640392
-1.5113911374067117 0.5632598705176349
-1.511391143500118 0.5632598722533096
-1.5113911486501925 0.5632598737202813
-1.5113911530029744 0.5632598749601483
-1.511391156681894 0.5632598760080693
-1.5113911597912733 0.5632598768937594
-1.5113911624192837 0.5632598776423344
-1.5113911646404472 0.563259878275021
-1.511391166517748 0.5632598788097604
-1.5113911681044205 0.5632598792617157
-1.5113911694454574 0.563259879643703
-1.5113911705788858 0.5632598799665541
-1.511391171536846 0.5632598802394241
-1.5113911723465026 0.5632598804700504
-1.5113911730308147 0.563259880664973
-1.5113911736091874 0.5632598808297195
-1.511391174098021 0.5632598809689613
-1.5113911745111774 0.5632598810866467
-1.5113911748603723 0.563259881186113
-1.5113911751555076 0.5632598812701808
-1.5113911754049525 0.563259881341234
-1.5113911756157805 0.5632598814012871
-1.5113911757939698 0.5632598814520433
-1.5113911759445733 0.563259881494942
-1.5113911760718615 0.5632598815311993
-1.5113911761794439 0.5632598815618436
-1.5113911762703713 0.5632598815877439
-1.511391176347222 0.5632598816096344
-1.5113911764121755 0.563259881628136
-1.5113911764670733 0.5632598816437734
-1.5113911765134724 0.5632598816569899
-1.5113911765526884 0.5632598816681603
-1.5113911765858332 0.5632598816776015
-1.5113911766138468 0.563259881685581
-1.5113911766375236 0.5632598816923253
-1.511391176657535 0.5632598816980254
-1.5113911766744481 0.563259881702843
-1.5113911766887431 0.5632598817069149
-1.511391176700825 0.5632598817103562
-1.5113911767110364 0.5632598817132649
-1.511391176719667 0.5632598817157234
-1.5113911767269614 0.5632598817178012
-1.5113911767331267 0.5632598817195573
-1.5113911767383377 0.5632598817210416
-1.5113911767427417 0.5632598817222961
-1.511391176746464 0.5632598817233563
-1.51139117674961 0.5632598817242525
-1.511391176752269 0.56325988172501
-1.5113911767545163 0.56325988172565
-1.5113911767564157 0.563259881726191
-1.511391176758021 0.5632598817266483
-1.511391176759378 0.5632598817270348
-1.5113911767605246 0.5632598817273615
-1.5113911767614938 0.5632598817276375
-1.511391176762313 0.5632598817278709
-1.5113911767630055 0.563259881728068
-1.5113911767635906 0.5632598817282348
-1.5113911767640853 0.5632598817283756
-1.5113911767645034 0.5632598817284948
-1.5113911767648567 0.5632598817285954
-1.5113911767651553 0.5632598817286804
-1.5113911767654076 0.5632598817287524
-1.511391176765621 0.5632598817288131
-1.5113911767658013 0.5632598817288644
-1.5113911767659536 0.563259881728908
-1.5113911767660824 0.5632598817289445
-1.5113911767661912 0.5632598817289755
-1.511391176766283 0.5632598817290017
-1.5113911767663608 0.5632598817290239
-1.5113911767664265 0.5632598817290426
-1.511391176766482 0.5632598817290584
-1.5113911767665291 0.5632598817290717
-1.5113911767665689 0.563259881729083
-1.5113911767666024 0.5632598817290926
-1.5113911767666308 0.5632598817291008
-1.5113911767666548 0.5632598817291076
-1.511391176766675 0.5632598817291133
-1.511391176766692 0.5632598817291181
-1.5113911767667065 0.5632598817291223
-1.5113911767667187 0.5632598817291258
-1.5113911767667292 0.5632598817291287
-1.5113911767667378 0.5632598817291312
-1.5113911767667452 0.5632598817291333
-1.5113911767667514 0.5632598817291351
-1.5113911767667567 0.5632598817291367
-1.5113911767667612 0.5632598817291379
-1.511391176766765 0.5632598817291389
-1.511391176766768 0.5632598817291398
-1.5113911767667707 0.5632598817291405
-1.511391176766773 0.5632598817291411
-1.511391176766775 0.5632598817291418
-1.5113911767667765 0.5632598817291423
-1.5113911767667778 0.5632598817291427
-1.5113911767667791 0.563259881729143
-1.51139117676678 0.5632598817291432
-1.511391176766781 0.5632598817291435
-1.5113911767667816 0.5632598817291437
-1.511391176766782 0.5632598817291438
-1.5113911767667825 0.563259881729144
-1.511391176766783 0.563259881729144
-1.5113911767667834 0.5632598817291441
-1.5113911767667836 0.5632598817291443
-1.5113911767667838 0.5632598817291443
-1.511391176766784 0.5632598817291444
-1.5113911767667843 0.5632598817291443
-1.5113911767667845 0.5632598817291444
-1.5113911767667845 0.5632598817291445
-1.5113911767667847 0.5632598817291445
-1.5113911767667847 0.5632598817291447
-1.511391176766785 0.5632598817291447
-1.511391176766785 0.5632598817291448
-1.5113911767667851 0.5632598817291448
