0.020941758367970537 -0.18596314017519833
0.020755539242661408 -0.18482368102425725
0.02040309583794467 -0.18266290016848838
0.019903548239644665 -0.17959134034019564
0.019274978120637467 -0.1757127913317156
0.018534304232866426 -0.17112500042675552
0.017697200544383077 -0.1659202396346666
0.01677805463575468 -0.16018573348478998
0.015789960415242957 -0.15400396134430197
0.01474473767216559 -0.14745285398402952
0.013652970931649386 -0.14060590651303387
0.01252406093977827 -0.13353222984353544
0.01136628341590897 -0.1262965613666485
0.010186851107762417 -0.1189592531460273
0.008991976455253216 -0.11157625311569777
0.007786933200614832 -0.10419909179958
0.006576116043656595 -0.09687488414973423
0.0053630979496835955 -0.08964635335506103
0.004150685017118067 -0.08255188098381928
0.0029409689544279707 -0.07562558564296287
0.0017353772521397919 -0.0688974304938786
0.0005347211087413631 -0.06239335846846308
-0.0006607588873188781 -0.05613545287719883
-0.0018513493796739112 -0.05014212027434532
-0.003037823283220921 -0.04442829191612967
-0.004221401389004937 -0.03900563987950741
-0.0054037166984860635 -0.033882803860188986
-0.006586781646456707 -0.02906562479560942
-0.007772958351044545 -0.02455738171843994
-0.008964931996176753 -0.02035902859885255
-0.010165687411199461 -0.016469428343300025
-0.011378488868346798 -0.012885581553583348
-0.012606863075221037 -0.009602848087983635
-0.013854585299275425 -0.006615159887342899
-0.015125668526665527 -0.003915223919950134
-0.016424355529979562 -0.001494714451341534
-0.017755113698852548 0.0006555458458523367
-0.019122632474223907 0.002545416162314475
-0.020531823220427656 0.0041852792017474045
-0.02198782136850952 0.005585894028030875
-0.023495990667947202 0.006758259783421167
-0.02506192939105505 0.00771348983853535
-0.026691478343418895 0.008462695848855289
-0.02839073054347987 0.009016881128613293
-0.030166042443593714 0.00938684270675888
-0.03202404657243799 0.009583081397281474
-0.03397166548346815 0.00961571919404776
-0.03601612689532503 0.009494423285673093
-0.03816497990674079 0.009228335976415824
-0.040426112159805565 0.008826009792980299
-0.04280776781056454 0.00829534705316882
-0.04531856614393573 0.007643543169737258
-0.04796752063995782 0.006877032961366953
-0.0507640582592692 0.006001439242384203
-0.05371803866629069 0.005021522964368766
-0.056839773047361444 0.003941134187029224
-0.0601400421064736 0.0027631631641663046
-0.06363011273129443 0.0014894908451754435
-0.06732175271476078 0.00012093811594175209
-0.07122724279027312 -0.0013427868614806556
-0.07535938508876044 -0.002903143799203124
-0.07973150695091777 -0.004562818439255084
-0.08435745882490961 -0.006325784128774442
-0.08925160474609875 -0.008197367091272651
-0.09442880362869571 -0.01018431548760569
-0.09990437929807315 -0.012294872120096051
-0.1056940768567546 -0.014538850322132705
-0.11181400260857252 -0.016927712177639793
-0.1182805443691376 -0.019474647711909245
-0.12511026857565866 -0.022194653067384787
-0.1323197901903795 -0.02510460490382503
-0.1399256109922445 -0.028223327320558288
-0.14794392150396052 -0.03157164646997419
-0.15639036155219765 -0.03517242670185332
-0.16527973436876564 -0.03905058054299209
-0.17462566929000334 -0.04323304308715707
-0.18444022860029755 -0.04774869948208768
-0.19473345501446804 -0.052628252223110315
-0.20551285784209802 -0.05790401301401618
-0.21678283817651164 -0.06360960221330741
-0.2285440566536345 -0.06977953760013204
-0.24079275156211824 -0.07644869370663378
-0.2535200204350916 -0.08365161369710139
-0.26671108470102056 -0.09142165823138744
-0.28034456435599886 -0.09978998047747925
-0.294391797577561 -0.10878432396570142
-0.30881624810722996 -0.1184276507190891
-0.3235730501667518 -0.12873662121278337
-0.3386087454318189 -0.13971996495153355
-0.3538612677363423 -0.15137679995461098
-0.3692602272259474 -0.16369497960924037
-0.3847275353209345 -0.17664956381600708
-0.40017839432149094 -0.19020152504162058
-0.4155226509388817 -0.20429680540101514
-0.43066648284754844 -0.2188658350030761
-0.4455143542898376 -0.23382360225187968
-0.4599711448366305 -0.24907033307144824
-0.4739443293706301 -0.2644927899347867
-0.4873460718983922 -0.27996614748626447
-0.5000950945271401 -0.29535634594792154
-0.5121181974930618 -0.31052277400217726
-0.5233513355934193 -0.325321096680697
-0.5337401973395084 -0.33960602625015834
-0.5432402803333013 -0.35323383727918695
-0.5518165037535885 -0.36606444938974053
-0.5594424409197887 -0.3779629376141316
-0.5660992877826714 -0.3888003733401762
-0.5717747051547589 -0.39845393997523487
-0.5764616839894998 -0.40680629825789427
-0.580157586084365 -0.41374418900796045
-0.5828635098508296 -0.41915624932600243
-0.5845841242465598 -0.4229299753114018
-0.5853281035205289 -0.42494768263357235
-0.5851092772947182 -0.42508118537574047
-0.5839485751378626 -0.423184718637269
-0.5818767739883813 -0.419085350939843
-0.5789379195618689 -0.41256974271785596
-0.5751930391566401 -0.4033655801724546
-0.5707233142652105 -0.3911153353697485
-0.5656311148112128 -0.37533920960751144
-0.5600360253882567 -0.35538338865966734
-0.5540609427956915 -0.3303496352684823
-0.547800148119535 -0.29900426204880076
-0.5412567667943294 -0.25967234095699226
-0.5342321975602662 -0.21014484662191724
-0.5261503136029393 -0.14767796053347737
-0.5158222717378973 -0.06926404623024147
-0.5012434433841337 0.0275151779544917
-0.4796988547507974 0.14276861960988566
-0.4486069186003817 0.27209709409155963
-0.4071259622914269 0.4058019758356359
-0.3573031839948196 0.5317577776968209
-0.30308402125190603 0.6407733234625932
-0.24735781571053253 0.7297137028759525
-0.18804227456622197 0.7996739781439101
-0.10727850926315954 0.8440351842318431
0.10198079313847676 0.6656999809366079
0.3004164830607362 -0.4065232822263473
0.26697269365048465 -0.6489222525179906
0.2524991875108031 -0.6947985619375888
0.24919422320670717 -0.6916034137048256
0.25311036208431137 -0.6547160312896116
0.2629834428318501 -0.5745723833126611
0.2758196873604683 -0.42728734688341047
0.2818393477836817 -0.1931235552700778
0.26867025507328224 0.0873245187841658
0.2414737455880114 0.31756494795123413
0.2169056446628472 0.45665273374985305
0.20319715293072343 0.5216241916307645
0.20201490400198924 0.5316031065701442
0.21436061291346992 0.4892272945538768
0.24152617995074313 0.37783704138876406
0.27928149041738126 0.1682313405093946
0.3067465388717909 -0.1250514925542683
0.30458500435084157 -0.3879360425299435
0.2849152657785225 -0.5424472790689442
0.26221639862480456 -0.5974070578889653
0.22787642023677157 -0.5159947870234631
0.04749461542587649 0.1259179704942107
-0.16429059956640782 0.5897316110755885
-0.24466294555688706 0.5760446776345961
-0.3025846614349762 0.4152256305303575
-0.32973802010221326 0.11990383956751134
-0.30293999465371657 -0.19392324450044282
-0.25901858724923904 -0.3814966299774435
-0.23349849673871353 -0.4440003190113844
-0.23399677684360007 -0.3957751172133762
-0.252427796198108 -0.18241656050786217
-0.2342161021316386 0.21432185069619827
-0.14811741611448406 0.4737591140278916
-0.03332204961435693 0.44704636212696963
0.11606367100371086 0.08533674593607717
0.2060628045926571 -0.28252048378835654
0.23433789010645065 -0.3674572766896959
0.24538945340550805 -0.2621634864826396
0.23151754868281638 -0.005693604239888797
0.1868703175438081 0.253684241628164
0.14461314448203225 0.3551243883736998
0.11835217763967651 0.26243907267874644
0.08821214645631681 -0.03580684951913221
0.03303082474629519 -0.2888961947756458
-0.0381827848142122 -0.2959357374339692
-0.11754356802324502 -0.0993480509149724
-0.17128909346207466 0.1355450247578252
-0.1873208816448945 0.22969048904096204
-0.17796396116270216 0.16342368743523297
-0.14023191320185063 -0.02399585130884614
-0.08264610737440646 -0.19577546884976335
-0.03175942305756457 -0.21932324040988152
0.00519846644267591 -0.0780504404140824
0.032791304179466775 0.11707800265748756
0.05870311430003913 0.19802284905762615
0.0876545771557599 0.13082000762137705
0.11142294701757706 -0.02093085716381395
0.11671982075578147 -0.13396216040690057
0.10078460006621823 -0.13146670410467107
0.06548818784415239 -0.023610579432763613
0.021013193224196976 0.09962215733354308
-0.01586484631209092 0.13477192918232492
-0.038545501856251135 0.062420478717385125
-0.049354972757836874 -0.05340119662606251
-0.05548913568473725 -0.11799748411208033
-0.062041879660083954 -0.09148109568327095
-0.06604928283321025 -0.0024269989073900182
-0.060577448386886446 0.07608061334533926
-0.04269919088104702 0.08521189553975843
-0.015186270421389543 0.02490363172979234
0.013502899451738501 -0.05044993304331999
0.03385760029499548 -0.07789899960328556
0.042453593683623544 -0.040330967829863604
0.04184211966938574 0.02749865766299272
0.03757600637626964 0.06988023999759914
0.03359476808926585 0.05686315018265492
0.029375128691717774 0.003307795867816775
0.021762764940620523 -0.04570886390893616
0.008881013393661595 -0.052904826767076585
-0.007529918416587767 -0.017746141482117173
-0.02247968841878126 0.02715436295782568
-0.031047692486050056 0.04487859996038503
-0.03164748634722752 0.024134034132084932
-0.02630334728026138 -0.015330638384204759
-0.01894157290334235 -0.040770048893255494
-0.012515125995130506 -0.03342689558326971
-0.007284313018545598 -0.0016752878160402717
-0.0017025637466582984 0.02777473105112307
0.005386677219967561 0.032586010744350004
0.013209125285837052 0.011969290254192496
0.019269088177424162 -0.01500662207013911
0.02113987816824298 -0.026323148460817673
0.01825245795783005 -0.014665776890321922
0.012225699594109813 0.008456618728816305
0.005718221319580796 0.023515609826312962
0.0006580005831753975 0.019180460518904055
-0.002710617058064912 0.00041593844390221417
-0.005351607389021978 -0.016966779796720868
-0.00814684921431362 -0.01978312319254084
-0.010894125102931678 -0.007510504207468632
-0.012398163067174192 0.008636386478916501
-0.011501153913198062 0.015634875572084952
-0.008100990280553654 0.009027015654298533
-0.003344464001348694 -0.0044821075554625
0.0010851007221034934 -0.013385901249183813
0.004024651920196908 -0.010924899943441261
0.005394825094994126 0.00005323427367715012
0.005905931375793357 0.010254358531975824
0.006259974447958236 0.01185992921332183
0.006533299427909193 0.004506223605458251
0.006204188440976468 -0.005177981208706389
0.0047271552012844486 -0.009452262782538155
0.0021276008522728516 -0.005635281666519112
-0.0008774618965422503 0.0023224757343258853
-0.0033091319890801996 0.007619107671611114
-0.004542626259420571 0.006243338578363846
-0.004623175427795683 -0.00014984300076825927
-0.004082626059126018 -0.006096676420730837
-0.003454934384947561 -0.006985586530582945
-0.0028932319161975696 -0.002589242376421558
-0.0021716939385958557 0.00318663091227662
-0.0010168267556386057 0.005763487963315458
0.000544875039245514 0.0035351729026119687
0.0021136038317188543 -0.0011820122566661958
0.003161835517189131 -0.004367227488204616
0.0033874299237168126 -0.003627363780950799
0.0028920781445511174 0.00008519342003993267
0.002063241186169293 0.0035540317188755936
0.0012779265624143048 0.004051549991371012
0.0006705455268750238 0.0014357667436842388
0.0001297578722809762 -0.0019892985894430287
-0.0005078707512773161 -0.003516770861252373
-0.001249246331613533 -0.0021922902337022784
-0.0018953112687306705 0.0006197364118120455
-0.0021800995857568697 0.002541860897185891
-0.001972681993877901 0.0021502937423963065
-0.0013764389585484232 -0.000005465006043071241
-0.0006549545054842164 -0.0020337346459399514
-0.000053857718312262274 -0.0023224929947904685
0.00033863692580914773 -0.0007808359162510411
0.0005939547403685916 0.00123634716602839
0.0008266639148300023 0.0021306793943832434
0.0010676635436727177 0.0013348393628976494
0.0012304250777385559 -0.0003474372861620905
0.001188160510986046 -0.0015089631115608115
0.0008891817096433352 -0.0013018170462680472
0.00041322890451596047 -0.00004394856831412413
-0.00007369062280716144 0.0011499488244040232
-0.0004249840798667606 0.001325703791973476
-0.0005951650520878653 0.00042503710427710834
-0.0006397674311740158 -0.0007557710637709484
-0.0006444659291018418 -0.0012739627878975211
-0.0006473498388091828 -0.0007933847667775916
-0.0006160023117231031 0.00021239341247660646
-0.000490671081601677 0.0009112535698227123
-0.00025080612278112095 0.0007991028244273379
0.0000523475377608529 0.00006025889952999408
0.0003221714939863006 -0.0006480421872693275
0.00047823720398841243 -0.0007602354730821362
0.0005034139998088743 -0.000238258971954343
0.00044239133343048536 0.0004504469880913511
0.00035814756697948464 0.0007498099770111028
0.00028439191842102 0.00046043762899866593
0.0002106057518029018 -0.00013881450463189198
0.00010656036906571795 -0.0005561277563336319
-0.00003868976511065732 -0.0004923177393002874
-0.0001972055371198373 -0.00005483426737624711
-0.0003170130572931782 0.0003683015898547313
-0.00035750837618650635 0.0004416231510862591
-0.000316260384347675 0.0001404123580915476
-0.0002271759897996171 -0.0002610040863928019
-0.00013392566079676262 -0.00043464223071835897
-0.0000611102404197575 -0.0002620706130059974
-0.000004918220402563823 0.00009284339179939385
0.00005253638353593023 0.00033977684706427925
0.000119944469690916 0.00030144707432810334
0.00018467487119529796 0.000040687049718925874
0.00022081505886517333 -0.00021324641336544566
0.0002093456544547432 -0.00026124299307112497
0.0001533536811150545 -0.00008735983237047631
0.00007647586610060087 0.00014731111459265997
0.000006868003559127376 0.00024914144633232107
-0.000040009173010522734 0.00014760468587980832
-0.00006692554781542661 -0.0000611835396838642
-0.00008624644373681743 -0.00020602252394847398
-0.0001058377867199933 -0.0001820277805415312
-0.0001214285337039272 -0.00002604554785620647
-0.00012086843363255122 0.0001264452430009989
-0.00009562982028091359 0.00015730929701141607
-0.00004950826384272551 0.000056411263607532964
0.0000024416431697408597 -0.000081560214549641
0.0000434023155540087 -0.00014217896664754797
0.00006489995604894291 -0.00008331932126322909
0.0000699332657647892 0.0000387632872664679
0.00006765256631930774 0.00012319533139781226
0.00006475385461931298 0.0001079642297976903
0.00006066825180141556 0.000014680465671782248
0.000049813090553214204 -0.00007661971082792082
0.000028207447864784863 -0.00009589930303003593
-0.000001458978002605979 -0.00003682342100489875
-0.000030430156694691007 0.00004486779320251605
-0.0000494037317706588 0.00008147741821107376
-0.00005437356858831863 0.000047787708409620077
-0.00004832889193455222 -0.000023319283833731236
-0.00003794928594259452 -0.00007242938184072234
-0.000028355651542740375 -0.00006287623214786121
-0.00002011994566076204 -0.000007308326256668532
-0.000010490728150148461 0.00004703497151262353
0.000002738721299791183 0.00005868329939664364
0.000018209114587698052 0.000023738968930755215
0.00003127346494942989 -0.000024941780879741027
0.00003715267022661982 -0.00004727290690969108
0.000034277866590203226 -0.000028138589003759364
0.000025193427190402238 0.000013249894355219401
0.000014515941423144382 0.00004188930697713876
0.000005760315693856602 0.000036079195801376765
-4.77045738738428e-7 0.0000031937184684630035
-0.000005812492441484755 -0.000028917452295691044
-0.000011770203587604417 -0.00003573104828974229
-0.00001794300830092964 -0.00001488025182369627
-0.000022081692506984717 0.000014248679955524417
-0.00002188091745300317 0.000027910304061003354
-0.00001688617593152216 0.000017046382415671103
-0.000008976835719259763 -0.000007111916898654566
-0.0000011273099885019261 -0.000023928239336586562
0.00000448546579503163 -0.000020540367554447598
0.000007557079730031407 -0.0000012257975440879457
0.000009222699740375085 0.000017616474021247942
0.000010661475793802398 0.0000215002117840215
0.000011962779989685445 0.000008999058992744097
0.000012127582190894204 -0.000008444824123678977
0.000010078432343148796 -0.0000167679353025973
0.000005754664643414553 -0.00001055056846492342
3.820667231383683e-7 0.0000036310635876088058
-0.000004261356025830291 0.000013597904015774527
-0.000006955934279752721 0.000011713598268859183
-0.000007660303248109877 4.4726699946270813e-7
-0.000007233682753967619 -0.000010553387716389844
-0.000006583728842906362 -0.00001273614375520965
-0.0000059664852738055315 -0.000005242700787160506
-0.000004959581181217061 0.0000051764441998206555
-0.000003039253991115589 0.000010197965832372883
-2.1870332496195118e-7 0.000006587353396489312
0.0000027906368689842374 -0.000001796843728387512
0.000005003196861800976 -0.000007759031440412348
0.000005801458427005844 -0.000006759061350090316
0.000005286466874281616 -2.1687870221011973e-7
0.000004097228285139437 0.000006193903218294288
0.000002890751350667199 0.000007423981572556294
0.000001913500789969884 0.000002954507881783336
9.745258867470717e-7 -0.0000032361702170140657
-2.185176580891521e-7 -0.000006227178184295907
-0.0000016801466376638704 -0.0000040936837704591195
-0.000003043894968574609 8.956690436491071e-7
-0.0000038017386314314206 0.000004485958549258884
-0.000003671723962925204 0.000003975772701746533
-0.000002794316211961477 1.8041082277340053e-7
-0.000001616626447797233 -0.0000035628874852589312
-5.779645492563502e-7 -0.0000042709502199848895
1.4838805804907104e-7 -0.0000016273607855327043
6.730913265924141e-7 0.000002026672064389665
0.000001190578515549351 0.0000037851847932758845
0.0000017497902680858786 0.000002505610553742161
0.000002185575710125273 -4.76225868325708e-7
0.000002251834383579261 -0.000002643277381429714
0.000001831389205981873 -0.0000023882518108503766
0.0000010465644703198648 -1.7974868585858764e-7
1.8737764449859478e-7 0.00000201774381092466
-4.7588912831332603e-7 0.000002439761451258774
-8.453155908364332e-7 8.913947230600396e-7
-0.0000010043420307482192 -0.0000012516126956122092
-0.000001096218105002303 -0.0000022748109936866585
-0.0000011838635376804825 -0.000001501061827491763
-0.0000012040605464452014 2.8267407624017073e-7
-0.0000010413074401446065 0.0000015876444572484719
-6.483483425085356e-7 0.0000014583500523831034
-1.097347157675855e-7 1.6504318204005317e-7
4.008403140081278e-7 -0.0000011345654791273293
7.304028095523885e-7 -0.0000013955170614881057
8.352298541182345e-7 -4.967696477323933e-7
7.839177929968679e-7 7.541842144381785e-7
6.828110326534464e-7 0.0000013463873927234732
5.901753504577993e-7 8.78652629745294e-7
4.862831507705632e-7 -1.8568923337921547e-7
3.1491496206679104e-7 -9.666846444723818e-7
5.353832665424617e-8 -8.971267715339189e-7
-2.490204805916713e-7 -1.3364955797207374e-7
-4.967774165796444e-7 6.406713869238972e-7
-6.099929430543226e-7 8.063120734168971e-7
-5.757900471546584e-7 2.878104355560347e-7
-4.482572116566525e-7 -4.411243805092073e-7
-3.0273144631818297e-7 -7.843419121565432e-7
-1.835895804879799e-7 -5.038979205890005e-7
-8.542921767423981e-8 1.278514901961116e-7
2.2975714623202123e-8 5.913293530368451e-7
1.5707448343613853e-7 5.503910925786496e-7
2.9351344633219197e-7 9.628345043482285e-8
3.8327271931735575e-7 -3.6758075422685315e-7
3.878606811522904e-7 -4.736747801104319e-7
3.080678018543854e-7 -1.750071159599677e-7
1.8308099666691145e-7 2.504610450193317e-7
6.2745639921563e-8 4.5098113257167435e-7
-2.3777115138475132e-8 2.851308792000027e-7
-7.934194507279078e-8 -8.734429062182975e-8
-1.2452903185332396e-7 -3.600007595816824e-7
-1.7256778570093684e-7 -3.3392748879141366e-7
-2.1496298261056343e-7 -6.248185374530299e-8
-2.2838558202864137e-7 2.159781340647356e-7
-1.9526724561551323e-7 2.834198517522662e-7
-1.201983282092204e-7 1.1074569731135243e-7
-2.904429199867801e-8 -1.3879219341003282e-7
4.7601252901487225e-8 -2.57446998518812e-7
9.292651624974205e-8 -1.609470658385954e-7
1.1043223513234168e-7 5.7225282817062204e-8
1.1516508475492085e-7 2.1650243656181708e-7
1.1843889928046566e-7 1.9929370059379049e-7
1.1880597219933059e-7 3.6842400978817895e-8
1.0562162555244809e-7 -1.3003808627887973e-7
7.083195835225011e-8 -1.720812263656462e-7
1.846062961359715e-8 -7.142427753074955e-8
-3.594336706997652e-8 7.591824404291439e-8
-7.498399549368372e-8 1.4711080999703814e-7
-9.017459526095351e-8 9.181823990673826e-8
-8.556169638947561e-8 -3.5353062730891454e-8
-7.22680932759908e-8 -1.2806275697538244e-7
-5.916283480070894e-8 -1.1680805162805094e-7
-4.7236017686262907e-8 -1.9854870253929307e-8
-3.147749205087345e-8 7.966981330453253e-8
-7.7212603380928e-9 1.0520969500444774e-7
2.1748293842020237e-8 4.590445257927142e-8
4.842108365735257e-8 -4.169190980407606e-8
6.311846307436475e-8 -8.487907938249246e-8
6.216665785977168e-8 -5.354604267725459e-8
4.9358300234575366e-8 2.0437901131578517e-8
3.255991872368846e-8 7.444571973624467e-8
1.8049580651464367e-8 6.737205964696848e-8
7.076620968869417e-9 9.850667821362513e-9
-3.0909817256693018e-9 -4.910078334880323e-8
-1.5116256921459995e-8 -6.42008723713781e-8
-2.8207485186614158e-8 -2.8904046993919568e-8
-3.813158315549406e-8 2.343841515030343e-8
-4.036261281778293e-8 4.977400876377582e-8
-3.360497750325327e-8 3.2084699861448766e-8
-2.0852035832396216e-8 -1.1025263595992941e-8
-7.307876495973842e-9 -4.265217576840037e-8
3.0068698232606033e-9 -3.8454917856426886e-8
9.30873214759679e-9 -4.586988891484351e-9
1.342068589197072e-8 3.008315636855893e-8
1.7331778736987924e-8 3.880361501863521e-8
2.112029231086387e-8 1.7653529498889948e-8
2.2871518287273024e-8 -1.368740671338614e-8
2.045339243045386e-8 -2.972312023586176e-8
1.3533618270977688e-8 -1.968251890436408e-8
4.166153891476331e-9 5.5590483151367096e-9
-4.452556607677948e-9 2.4234907597195886e-8
-9.986375248723621e-9 2.1908334860807887e-8
-1.2155195267153933e-8 2.117079547031365e-9
-1.2329975981914306e-8 -1.815506302699191e-8
-1.2045043426563726e-8 -2.3115305389020362e-8
-1.17170944032605e-8 -1.0420415780660843e-8
-1.054387406462595e-8 8.319066297245137e-9
-7.51197617471689e-9 1.8012052896051673e-8
-2.5656508754890275e-9 1.2232616792041571e-8
3.0509298858481444e-9 -2.648573672630583e-9
7.517900269928533e-9 -1.3778596028628803e-8
9.603458675802137e-9 -1.2582507957653764e-8
9.345274774285905e-9 -1.082764870267217e-9
7.78311072916546e-9 1.073479717092146e-8
6.049396776692988e-9 1.354856427171358e-8
4.583090886665569e-9 5.9557977821657426e-9
3.0459497171237782e-9 -5.19971941176709e-9
9.042941456978013e-10 -1.0994097328472753e-8
-1.881588486705266e-9 -7.603329065181923e-9
-4.645238065159694e-9 1.2319254167762004e-9
-6.425024380769329e-9 7.914868463408285e-9
-6.632061737242732e-9 7.3471652625622845e-9
-5.433804219160463e-9 6.812612106682589e-10
-3.578694369427408e-9 -6.211661137133342e-9
-1.8438789146431411e-9 -7.827135279385928e-9
-5.589816262202273e-10 -3.3210282187442397e-9
4.50086446800703e-10 3.278272408386647e-9
1.5173723497105836e-9 6.699796823721587e-9
2.7227434245350764e-9 4.67346710564614e-9
3.754441307196449e-9 -6.002181493453609e-10
4.13765421100928e-9 -4.6284281333906775e-9
3.6157359625908074e-9 -4.379141099268901e-9
2.366097254508413e-9 -5.08788933860612e-10
8.890288282336025e-10 3.528521146152644e-9
-3.235001048488422e-10 4.479136650537401e-9
-1.0711057251316503e-9 1.8316210559190109e-9
-1.4771094400931071e-9 -2.0465045946963534e-9
-1.7809248878195523e-9 -4.045185046235605e-9
-2.085836165795659e-9 -2.8192428846037886e-9
-2.2685524198170144e-9 3.355691302994842e-10
-2.1053211291951866e-9 2.762085374798518e-9
-1.4900726523925906e-9 2.6580297272349524e-9
-5.577665436809938e-10 3.9858753267057135e-10
3.830478012545846e-10 -1.982065601679998e-9
1.0454355118660513e-9 -2.5584546648501136e-9
1.3294907337739291e-9 -1.0185946574730498e-9
1.3380142082895635e-9 1.248081511256447e-9
1.2493196800592766e-9 2.4076766073270545e-9
1.162759145546283e-9 1.6636640256325703e-9
1.039901666004965e-9 -2.2109444925075697e-10
7.746000190397065e-10 -1.6758349904848907e-9
3.193369449207723e-10 -1.6306793817633416e-9
-2.426422652430023e-10 -3.012064060760808e-10
-7.359667818305815e-10 1.113187360983047e-9
-1.0063442781517457e-9 1.4715900333642763e-9
-1.0156869444840525e-9 5.829196294490723e-10
-8.483959708116083e-10 -7.379854531090995e-10
-6.331350674692024e-10 -1.410074766588825e-9
-4.4871197636389174e-10 -9.61400168196321e-10
-2.867934579511708e-10 1.5957644177427969e-10
-9.17876035781672e-11 1.0252096112080401e-9
1.6476128999494915e-10 1.0012987635331137e-9
4.4060153950022905e-10 2.1253679855502565e-10
6.438000722811565e-10 -6.329938137734197e-10
6.976690739684332e-10 -8.588624416995855e-10
5.947277557330576e-10 -3.4780535058434166e-10
3.9876280464937893e-10 4.223080089364631e-10
1.9704690793328298e-10 8.138895180196011e-10
4.353810240108004e-11 5.469237048230155e-10
-6.383579173405737e-11 -1.1551595448792793e-10
-1.596210938811491e-10 -6.261907655591196e-10
-2.663170740864792e-10 -6.097950647972278e-10
-3.6737438820633185e-10 -1.3894670311996028e-10
-4.182101098383004e-10 3.6819958525939277e-10
-3.830383137365245e-10 5.104281697506587e-10
-2.6562845361555906e-10 2.1604608530248444e-10
-1.0975414306197524e-10 -2.346325145002358e-10
2.956781843453972e-11 -4.6521594819597603e-10
1.198144369380939e-10 -3.0918145512346423e-10
1.6419563726257196e-10 7.961227905793576e-11
1.873844159347144e-10 3.7862681096226905e-10
2.0841750316952788e-10 3.660163670217766e-10
2.2383350880705663e-10 8.414719840159956e-11
2.1323569068602044e-10 -2.1995840424365178e-10
1.602620583397166e-10 -3.083728792017329e-10
7.03665631432373e-11 -1.3753129667743534e-10
-2.922985486193717e-11 1.2783240582095592e-10
-1.0635990058201073e-10 2.6534938869894286e-10
-1.4368562376161332e-10 1.7573589410021213e-10
-1.4617707750640353e-10 -5.113682773734678e-11
-1.321794535487683e-10 -2.253590866022398e-10
-1.1689327217665442e-10 -2.158618565393178e-10
-1.0188156616703615e-10 -4.736477298977629e-11
-7.783183709698981e-11 1.3425503251491162e-10
-3.672592018165015e-11 1.881435725354009e-10
1.7826440002872635e-11 8.796316198911219e-11
7.041055490938511e-11 -6.938186630819238e-11
1.0361720392198913e-10 -1.523407726700104e-10
1.0935556623948959e-10 -1.0165708059573134e-10
9.29870660643468e-11 3.0301755761477437e-11
6.779903229375881e-11 1.3173481055979856e-10
4.482150307497887e-11 1.2519161068488933e-10
2.64988828563757e-11 2.4981812184514917e-11
8.12339008019662e-12 -8.283559268634953e-11
-1.5067697487753712e-11 -1.1491781847535884e-10
-4.160673724251322e-11 -5.551887258454158e-11
-6.361387400939372e-11 3.831475711372965e-11
-7.229803513809548e-11 8.871988370383226e-11
-6.443654747099427e-11 6.027687456761188e-11
-4.4667240091947784e-11 -1.646357737947243e-11
-2.194952922135181e-11 -7.575095345859985e-11
-3.633424292935913e-12 -7.171129880819698e-11
8.527874673121433e-12 -1.254416416049263e-11
1.748843098888088e-11 5.0988927304925784e-11
2.661582323742128e-11 6.973472698238309e-11
3.592582142028118e-11 3.416728336409584e-11
4.176158382822042e-11 -2.1980957348395163e-11
3.991903215955201e-11 -5.2625397630532124e-11
2.93721914827106e-11 -3.6637331525128994e-11
1.3459938658949924e-11 8.211792542563755e-12
-2.1110411270479143e-12 4.307946408818143e-11
-1.2965528382869402e-11 4.0857800991607075e-11
-1.8238358342647098e-11 6.1834400125789325e-12
-2.01295371059623e-11 -3.1004558148486847e-11
-2.119489638032301e-11 -4.17301923703886e-11
-2.209939685583764e-11 -2.0378075177326296e-11
-2.129590013093815e-11 1.3178032326707812e-11
-1.6836895529597855e-11 3.1730053319643535e-11
-8.4275645478048e-12 2.2626912073539524e-11
1.7803167690891669e-12 -3.6902184546193925e-12
1.0499979535442491e-11 -2.4408134128546425e-11
1.5280682600410583e-11 -2.338874658736651e-11
1.597416722080141e-11 -3.251696766732914e-12
1.4233652564128423e-11 1.8446143674788794e-11
1.1973908614642671e-11 2.462332002536629e-11
9.984409711860928e-12 1.182520513615306e-11
7.65424449388809e-12 -8.207493174543942e-12
3.954251340850432e-12 -1.9328345183293275e-11
-1.189482261454363e-12 -1.4074327687092504e-11
-6.590049233712024e-12 1.5120882105273873e-12
-1.047356199242714e-11 1.3945836321464435e-11
-1.1625724840373655e-11 1.3550896394308336e-11
-1.0185148755948298e-11 1.9074797933286597e-12
-7.402629256355242e-12 -1.0711540173206746e-11
-4.617812821809126e-12 -1.4245332570361916e-11
-2.4418579678748826e-12 -6.681937576985368e-12
-6.041544982257767e-13 5.168043278432351e-12
1.4756137110116619e-12 1.1769216436494706e-11
3.940912215559562e-12 8.657153563509821e-12
6.216609538686862e-12 -6.167105413987587e-13
7.37226682128349e-12 -8.052965309065945e-12
6.887663763755279e-12 -7.992954566479292e-12
4.9995082482275226e-12 -1.2739264352804664e-12
2.53326418138248e-12 6.1107925073607716e-12
3.8447550694650337e-13 8.166599989179346e-12
-1.0521756169552079e-12 3.6828060675621025e-12
-1.9648337594219385e-12 -3.2592675006476253e-12
-2.741567723570291e-12 -7.104914177328069e-12
-3.5404028106950553e-12 -5.229474020818422e-12
-4.140763100774252e-12 2.787422348075033e-13
-4.090988734555067e-12 4.731028657175475e-12
-3.1889398645537746e-12 4.80752803958881e-12
-1.6298224806491206e-12 9.093456200890672e-13
6.431178827999866e-14 -3.4216743233308723e-12
1.340389535864281e-12 -4.634776726289189e-12
2.0024186639586606e-12 -2.034503460945274e-12
2.191565401463437e-12 2.0157466654767026e-12
2.207840074900958e-12 4.230223033932666e-12
2.2038473465165343e-12 3.096341034748024e-12
2.1107182324591164e-12 -1.764108498144582e-13
1.7327181527977171e-12 -2.88089461285231e-12
9.63692195434312e-13 -2.9164158254490676e-12
-5.631277788663979e-14 -6.399542052843509e-13
-1.009777593168886e-12 1.9190630305479616e-12
-1.5998363569577305e-12 2.6522968221968962e-12
-1.7303056136296583e-12 1.13429341387275e-12
-1.5399653628316135e-12 -1.2394594236109704e-12
-1.2484363950694698e-12 -2.490280252523892e-12
-9.934040582143265e-13 -1.756572433477207e-12
-7.500302012485344e-13 1.9281571525338525e-13
-3.9990746600958295e-13 1.7287987054869139e-12
7.960980589524365e-14 1.7626348906928648e-12
6.151823374725085e-13 4.2474540212103887e-13
1.0444261520939635e-12 -1.0786866376450723e-12
1.2155226957810511e-12 -1.529429508729181e-12
1.1054029597508802e-12 -6.474694460134865e-13
8.20730514384003e-13 7.145076975015443e-13
4.955934251050523e-13 1.4546035316713412e-12
2.3449226865817385e-13 1.0092243037765134e-12
3.405618728634417e-14 -1.5307508196433372e-13
-1.5772473046719014e-13 -1.0840672777253587e-12
-3.835881454227519e-13 -1.0832942289538092e-12
-6.15462976529601e-13 -2.700595275108662e-13
-7.437349569674456e-13 6.133437790758073e-13
-7.314267019986877e-13 9.152479857788474e-13
-5.612294789231397e-13 4.0442967700587056e-13
-2.942022142175359e-13 -4.019334422740359e-13
-4.268504098896697e-14 -8.569222705837336e-13
1.2402970652126913e-13 -5.597762070732494e-13
2.1985040426787593e-13 1.178508083478236e-13
2.890606196893738e-13 6.654851040985528e-13
3.575389412116614e-13 6.439297600630147e-13
4.2042441336361343e-13 1.620505634555147e-13
4.2174389529253276e-13 -3.5682170854691124e-13
3.4253112987176493e-13 -5.320385552588073e-13
1.9354846545184906e-13 -2.516801529489659e-13
1.4640269853900187e-14 1.9753569987666156e-13
-1.31813453980042e-13 4.733968217985696e-13
-2.1217827461736131e-13 3.079380449917452e-13
-2.4469014982189396e-13 -4.2840285624116604e-14
-2.381437654722448e-13 -3.859835249477122e-13
-2.2527423238944852e-13 -3.9345106746510994e-13
-2.1687180337611323e-13 -9.231036989129639e-14
-1.75845881349995e-13 2.2019919023348197e-13
-1.0441686338799173e-13 3.090366516707061e-13
-9.469176337294775e-15 1.4789806683461472e-13
9.331806707629923e-14 -9.656586675924973e-14
1.6230185780850716e-13 -2.5778822598277654e-13
1.7123766048382167e-13 -1.8116691061317682e-13
1.7323322740782174e-13 3.8855191203112636e-14
1.3687292968839456e-13 2.1144641297760209e-13
9.80395002871126e-14 2.1883018110756786e-13
7.626206898106467e-14 6.48240412391418e-14
4.231749950297158e-14 -1.2151034486142217e-13
-4.074847204188279e-15 -1.8548710258390465e-13
-6.246531083462368e-14 -9.706851308384739e-14
-9.812321364330214e-14 3.572691994110445e-14
-1.264191248469366e-13 1.4001165238005027e-13
-1.1928196339478844e-13 9.648209237181505e-14
-8.8457111605174e-14 -1.2299920455056304e-14
-5.740742966266373e-14 -1.0606307385969839e-13
-1.3740949242316472e-14 -1.3746026218774381e-13
9.272250636461664e-16 -2.477692932730686e-14
2.2030165911006677e-14 8.417263227443107e-14
3.4197304083052003e-14 1.1650087850656913e-13
6.822558691733315e-14 4.827816355845961e-14
7.215931732481362e-14 -3.581069432853849e-14
7.539065282154386e-14 -8.010376346600031e-14
6.021700930566426e-14 -5.312008113844707e-14
3.147143779623879e-14 2.112693245604073e-14
8.710972522419269e-15 6.160245594737044e-14
-9.441271885232207e-15 6.304569981839026e-14
-2.6188726471383142e-14 -1.5102633809662457e-14
-4.8471626987348506e-14 -2.944175849009852e-14
-4.088480522940859e-14 -4.293359965387505e-14
-4.8471626987348506e-14 -2.944175849009852e-14
-4.5268195942680914e-14 1.1117539388664117e-14
-3.2173832706989236e-14 1.8668856293495427e-14
-1.770258410185972e-14 3.148096271547861e-14
