-0.1784532339999967 -0.6936470930997248
-0.18591718926814493 -0.6851182639541321
-0.19659948169732536 -0.6729342448583644
-0.2102193685311614 -0.6574384939122291
-0.22653458440895086 -0.6389340160045549
-0.24533586089195578 -0.6176879203190776
-0.2664419760374989 -0.5939355058129302
-0.289695269088118 -0.5678839563056716
-0.3149575700017393 -0.5397157160387029
-0.34210650737602427 -0.5095916041253843
-0.37103217014182704 -0.47765371286335306
-0.4016341075022254 -0.4440281213932158
-0.43381865766471245 -0.4088274437250866
-0.4674965990409301 -0.3721532196905377
-0.5025811182470364 -0.3340981496718005
-0.5389860882639802 -0.2947481694931517
-0.5766246486407788 -0.2541843608389976
-0.6154080789802159 -0.21248469500802525
-0.6552449585803909 -0.16972561372249395
-0.6960406104985167 -0.1259834603300272
-0.737696838937035 -0.08133578892707523
-0.780111986218869 -0.03586259972683349
-0.8231813612734162 0.010352419593330428
-0.8667981272044845 0.05722051743468368
-0.9108547831562971 0.10464615707296683
-0.9552454378771229 0.1525246059580921
-0.9998691526018608 0.20073825790940988
-1.044634733890388 0.24915069749492447
-1.089467486811123 0.29759675721881435
-1.134318582958737 0.34586536823333797
-1.1791777504464682 0.3936691257668171
-1.2240894156861544 0.44058867021671744
-1.269168844381906 0.4859689495071296
-1.314598990203977 0.5287314848386075
-1.3605366660075815 0.5671090378771932
-1.4068068958015716 0.598644361391
-1.4526278232006153 0.6211517485610568
-1.4969496477862263 0.6337516588490216
-1.5388700476312205 0.6367062439502261
-1.5776334832661205 0.6309976705615673
-1.6124218713608547 0.6183760571167786
-1.642208527993966 0.6019345654240926
-1.6661968636226638 0.585901121143959
-1.6843701052934614 0.5734290110934466
-1.697159821812746 0.5658987554622155
-1.7050931708152142 0.5636050959604885
-1.70867927160781 0.5662564631785616
-1.7083898696397735 0.5731855077840303
-1.704672590128686 0.5834023093281538
-1.697984401722962 0.5955741081166575
-1.6888384350412085 0.6080264608090112
-1.6778285549163712 0.6189129157958279
-1.665574412782221 0.6265965299255308
-1.6526060560384082 0.6299873648655985
-1.6392811739958801 0.6286117828136684
-1.6257622312936229 0.6225141078556522
-1.6120142590397504 0.6121681152147037
-1.5977878334086284 0.598495686828
-1.582586796756004 0.5830516085053089
-1.5657291917797589 0.568308868291132
-1.546767065890112 0.5573309335861988
-1.5259779101332198 0.5523515660868604
-1.5044550499262046 0.554007062928997
-1.4850238031535408 0.5599897587889148
-1.4708653831683351 0.5641815247476429
-1.4622040789758568 0.5647421335913881
-1.458672671552501 0.5618739595292864
-1.4598060321889088 0.5565932862886128
-1.4649979573719778 0.550561334159822
-1.4733221324373496 0.545981757401502
-1.4835074110007662 0.5449805501207491
-1.4943070106279075 0.5487471971613539
-1.504835553422172 0.5571510428180114
-1.5146299537519177 0.567719485924413
-1.523513052602601 0.5746829325253912
-1.5311132290486118 0.5762255291114147
-1.5367922281602897 0.5733802530857307
-1.5397144485626926 0.5686516613987133
-1.5393279505883615 0.5649049507993983
-1.5356742100275644 0.5637577237344787
-1.529205344457586 0.5652371339987682
-1.5208373127520507 0.5677696358085264
-1.5122652429981966 0.568462830549046
-1.5051557989029323 0.5657675995011316
-1.5002869560263066 0.5607625017467041
-1.4976058965271617 0.5562796209962766
-1.4966333225598698 0.5545856868050996
-1.497080616967947 0.5561289787339297
-1.498982186814306 0.5598569462844358
-1.5024718874528082 0.5636263890183312
-1.5073377790936793 0.5654662411196922
-1.5128322761202802 0.5649895927465627
-1.5177674170977224 0.5635558525329806
-1.5210325571394687 0.5630558701871524
-1.5221909703184022 0.5641780656287816
-1.521426156680422 0.5661854717242704
-1.519343200934966 0.5675442487383385
-1.5166473692211526 0.5670807210328298
-1.513812507422006 0.564840636091276
-1.5110341112429055 0.5620824948849655
-1.508416304549372 0.5603858900236781
-1.506195732912369 0.5604071686544932
-1.5047736293272724 0.5616035132531904
-1.5045329768364988 0.5628071061489613
-1.5055794770954771 0.5631525139656195
-1.5076425736560468 0.5626393017113998
-1.5101485191734376 0.562024640429271
-1.5124550162594081 0.5621565601346192
-1.5141424773899883 0.5632334704842481
-1.5151111611453587 0.5646621314760835
-1.5154738190190695 0.5655428450796173
-1.515364143542414 0.5653681124853235
-1.5148220400052004 0.5643479482807287
-1.5138301858815335 0.5632017694637578
-1.5124434207416508 0.5626027914117674
-1.510879689707893 0.5627036188853167
-1.509485601261735 0.5631118732867191
-1.5085893024166155 0.5632805902172585
-1.5083456284550212 0.5629721945458471
-1.5086892059941848 0.562415600732382
-1.5094048719323312 0.5620868969054873
-1.51025943954816 0.5623124370664044
-1.5111036165235134 0.5630133046138569
-1.5118814476453202 0.5637751783984079
-1.5125661290502403 0.5641691526062963
-1.5130937076552464 0.5640595221572522
-1.5133573730307222 0.5636602533158928
-1.5132669374928696 0.5633294288408673
-1.5128225993544422 0.563283110095439
-1.512140376345359 0.5634548692753929
-1.5114076817475286 0.5635897222954817
-1.5107979506251514 0.5634765346558583
-1.5104029662684968 0.5631237055574374
-1.5102239942413007 0.5627453929968963
-1.5102146804088492 0.5625870748949562
-1.5103344952466822 0.5627387786715927
-1.5105708216135685 0.563079971368555
-1.5109193154032325 0.5633846168423844
-1.5113476724429558 0.563493310384443
-1.5117794361891277 0.56341624821852
-1.5121153436207166 0.5632968528626822
-1.5122785402837469 0.5632793056233741
-1.5122508659780243 0.5633922901796932
-1.512075111779491 0.5635370469349984
-1.5118245184067913 0.5635779745281295
-1.511563297711452 0.5634556885626253
-1.5113251708636861 0.5632324512920098
-1.5111196892177756 0.5630406559417626
-1.5109539976024586 0.5629820539451126
-1.5108479747099561 0.563058814020948
-1.5108292887239536 0.5631851821853845
-1.5109132551323545 0.563262346873894
-1.5110851385701314 0.5632532292920205
-1.5113001807388604 0.563200615826157
-1.5115024469788667 0.5631812634872091
-1.5116495211975924 0.5632382973131936
-1.5117266077621483 0.5633467110379256
-1.511742699829011 0.563435772840938
-1.5117150029065887 0.5634459313901521
-1.5116550787252296 0.5633733128244474
-1.5115664745370831 0.5632687982947394
-1.511453006307273 0.5631965158750231
-1.5113282899287437 0.5631869888068435
-1.5112169411400505 0.5632207363439639
-1.511145396705913 0.56325125313968
-1.5111289411175486 0.5632454137953778
-1.511164430127561 0.5632084094326235
-1.51123359844173 0.5631756748475673
-1.5113139313795827 0.5631814471374887
-1.5113891173066156 0.5632306411526949
-1.51145249541207 0.563295619327948
-1.5115029827619102 0.5633382515294229
-1.5115385996810846 0.5633382219320328
-1.5115536867881252 0.5633055464764943
-1.5115420161635427 0.5632694243795586
-1.5115027931168261 0.5632543102624079
-1.5114442074278391 0.5632626673072073
-1.511381290148677 0.5632767132784368
-1.511329354671924 0.5632756565931686
-1.5112975526909525 0.5632534169248563
-1.5112866764082564 0.5632229974390541
-1.5112919249781476 0.5632053489177502
-1.5113077948794778 0.5632127329785935
-1.5113312264858525 0.5632398867489491
-1.5113611279321466 0.5632690684321507
-1.5113955450327465 0.5632838912910311
-1.511429505052806 0.5632806623325819
-1.511455722122911 0.5632689708234803
-1.511467831481512 0.563262290302703
-1.511463740569762 0.5632668732802056
-1.5114466270679008 0.5632776384272782
-1.511422957221462 0.5632834706434622
-1.5113990724764583 0.5632768608948449
-1.511378722666541 0.5632599673713466
-1.5113629201745225 0.5632426988390856
-1.5113516038374442 0.5632349740053744
-1.511345353384351 0.563239575636226
-1.5113456563413974 0.5632509557972394
-1.5113536265170493 0.5632602990032802
-1.5113684004113497 0.5632623694297042
-1.511386666442176 0.5632587806090735
-1.5114038336575246 0.5632556174723424
-1.5114160592128374 0.5632578736964682
-1.5114217475580918 0.5632653503909069
-1.5114216137411083 0.5632730616921131
-1.5114175069655207 0.5632754151841147
-1.511411026823346 0.5632705931201204
-1.5114029351035976 0.5632617398737519
-1.5113935924730044 0.5632543261609076
-1.511383806051751 0.5632520388408149
-1.5113752157609344 0.5632544369095132
-1.5113698110706832 0.5632579453168424
-1.5113689219395214 0.5632590600813077
-1.5113724544578773 0.5632570756656831
-1.5113789386267813 0.5632542975609712
-1.511386331630023 0.5632538463282393
-1.5113929867964242 0.5632570027677581
-1.5113981503428364 0.5632622056973807
-1.511401772248206 0.5632663379721407
-1.511403944609704 0.5632671164347428
-1.5114045017734428 0.5632646658026431
-1.5114030993859702 0.5632611615291226
-1.51139965118968 0.5632590043614791
-1.511394706609525 0.5632590568835971
-1.5113894156911292 0.5632602651764165
-1.5113850688330606 0.5632607935937866
-1.5113825286733547 0.56325963096888
-1.5113819371931283 0.5632573742840192
-1.5113828552916169 0.5632556612257051
-1.5113846723392432 0.5632558173972516
-1.5113869590117042 0.5632578357330098
-1.5113895341613108 0.5632604458050062
-1.511392272044339 0.5632621249352848
-1.5113948771434162 0.5632621985770179
-1.5113968519537182 0.5632611932373012
-1.511397701653626 0.5632602576119201
-1.511397217828729 0.5632601944431759
-1.5113956207356107 0.5632608841211021
-1.5113934530134492 0.5632614983851284
-1.5113913053879136 0.5632612542885993
-1.5113895674465025 0.5632600678987404
-1.51138835609795 0.5632586074226004
-1.5113876268408917 0.5632577560990631
-1.5113873408669132 0.5632579481595276
-1.5113875421059209 0.5632588951140811
-1.5113882937457155 0.5632598726202692
-1.5113895471466436 0.5632602953023917
-1.511391068648074 0.5632601161379124
-1.5113924973859918 0.5632597688748845
-1.5113935001612404 0.5632597498961998
-1.5113939153435616 0.5632602012864926
-1.5113937909894488 0.5632608180561796
-1.51139330518529 0.563261119979261
-1.511392640090011 0.563260843219778
-1.511391902555661 0.563260137784176
-1.5113911343451958 0.5632594354086822
-1.5113903796920956 0.56325911752106
-1.5113897375179048 0.5632592529949796
-1.5113893471933637 0.5632595957677029
-1.5113893169624992 0.5632598157579327
-1.5113896522580326 0.5632597621268517
-1.5113902406359314 0.5632595547372061
-1.5113909053970513 0.5632594527745981
-1.51139148914237 0.5632596259480472
-1.5113919107118035 0.5632600160411324
-1.5113921644805608 0.563260388532162
-1.5113922762196634 0.56326051802942
-1.511392258540108 0.5632603536441064
-1.5113921014952334 0.5632600401763471
-1.5113918001177638 0.5632597927808511
-1.5113913895182394 0.5632597343553389
-1.5113909535971062 0.5632598220028399
-1.5113905964353234 0.5632599079626505
-1.5113903956338004 0.5632598731298447
-1.5113903702395448 0.5632597223500893
-1.5113904835590726 0.5632595716016713
-1.51139067474464 0.5632595475494748
-1.5113908937862637 0.5632596855715845
-1.5113911161502056 0.5632599053955517
-1.5113913322444392 0.5632600764641289
-1.511391526853498 0.5632601153409811
-1.511391669335649 0.5632600385738977
-1.5113917239738852 0.5632599358647223
-1.5113916720741605 0.5632598924807806
-1.51139152772559 0.5632599253527629
-1.5113913344182912 0.5632599799945748
-1.5113911446162795 0.5632599838348326
-1.5113909966643972 0.5632599086684388
-1.5113909039717983 0.5632597926763679
-1.5113908609553846 0.5632597084769259
-1.511390857737066 0.5632597065443069
-1.5113908906718982 0.5632597795245605
-1.5113909612733998 0.5632598727225074
-1.511391066598367 0.5632599284256518
-1.5113911910020896 0.5632599272495967
-1.5113913074298615 0.563259895734042
-1.5113913882535854 0.5632598783076007
-1.5113914180165258 0.563259899095055
-1.5113913991966628 0.5632599441072895
-1.5113913476664533 0.5632599755146085
-1.5113912820855577 0.5632599637970835
-1.5113912151314546 0.5632599111502348
-1.511391151907394 0.5632598487727836
-1.5113910946931797 0.5632598123433809
-1.5113910485077393 0.5632598162728656
-1.511391022145772 0.5632598462713446
-1.5113910237377848 0.5632598739123784
-1.511391054614033 0.5632598798034282
-1.5113911065990984 0.5632598668469179
-1.5113911650693461 0.5632598546080899
-1.5113912156778704 0.5632598612222831
-1.51139125012148 0.5632598881846208
-1.511391267442537 0.5632599196032116
-1.5113912709308952 0.5632599352160977
-1.5113912637807534 0.5632599259332842
-1.5113912469976136 0.5632598997723395
-1.5113912207047602 0.5632598745416878
-1.5113911870705783 0.5632598640703927
-1.5113911518929215 0.5632598690064987
-1.5113911231772221 0.5632598786013174
-1.5113911075811626 0.5632598808688313
-1.5113911072862858 0.5632598724025236
-1.5113911194601377 0.5632598603188165
-1.511391138470324 0.5632598556298963
-1.511391159065373 0.5632598640264701
-1.511391178305327 0.5632598814716486
-1.511391195271217 0.5632598976049636
-1.511391209381225 0.5632599036800174
-1.5113912190671581 0.5632598986014624
-1.5113912220115466 0.5632598886956768
-1.5113912167048649 0.5632598820448667
-1.5113912039673012 0.5632598822545847
-1.5113911871310612 0.5632598864395435
-1.5113911706566727 0.56325988848417
-1.5113911581418227 0.563259884482343
-1.511391151057723 0.5632598759049741
-1.511391148903147 0.5632598682407558
-1.5113911503848834 0.5632598665653449
-1.5113911545726086 0.563259871723394
-1.5113911611850706 0.5632598799944208
-1.5113911699833023 0.563259886180519
-1.5113911799784436 0.5632598874549213
-1.5113911892505327 0.563259884999373
-1.5113911956168364 0.5632598824444063
-1.511391197679862 0.5632598826617309
-1.5113911954910042 0.5632598855495412
-1.5113911903789754 0.5632598884113695
-1.5113911841218803 0.5632598883690012
-1.5113911780827023 0.5632598847371113
-1.5113911728671652 0.5632598795161677
-1.5113911685996424 0.5632598757821712
-1.5113911654410013 0.5632598753863014
-1.511391163850375 0.5632598777715737
-1.5113911643736544 0.5632598806881721
-1.5113911671634968 0.5632598820689829
-1.511391171655604 0.5632598815229057
-1.511391176690733 0.5632598803578543
-1.511391181017085 0.5632598802835515
-1.511391183825642 0.5632598819401085
-1.511391184971131 0.5632598844144047
-1.5113911847879518 0.5632598860289261
-1.5113911837053566 0.5632598856787443
-1.511391181974162 0.5632598836381467
-1.5113911796783825 0.563259881265733
-1.511391176953538 0.5632598799321512
-1.5113911741747315 0.5632598800546742
-1.5113911719245432 0.5632598809526828
-1.5113911707459524 0.5632598815407623
-1.5113911708628178 0.5632598812373225
-1.511391172073351 0.563259880368596
-1.5113911738856272 0.5632598798107225
-1.5113911757861822 0.5632598802253754
-1.5113911774515831 0.5632598815226451
-1.5113911787798529 0.5632598829488632
-1.5113911797675836 0.5632598836787509
-1.5113911803680475 0.5632598834157175
-1.511391180457208 0.5632598825448377
-1.511391179928259 0.5632598817677245
-1.5113911788241587 0.5632598815489759
-1.5113911773887474 0.5632598818125641
-1.511391175985515 0.5632598820898034
-1.5113911749373419 0.5632598819542309
-1.5113911743972035 0.5632598813760955
-1.5113911743296864 0.5632598807286888
-1.511391174596962 0.5632598804738094
-1.5113911750709426 0.5632598807985401
-1.5113911756880893 0.5632598814875387
-1.5113911764210746 0.5632598821079745
-1.511391177211038 0.5632598823382509
-1.5113911779308322 0.5632598821787649
-1.5113911784174223 0.5632598818989757
-1.511391178551516 0.5632598817904373
-1.5113911783240066 0.5632598819356687
-1.5113911778400524 0.5632598821682303
-1.511391177259787 0.5632598822342636
-1.5113911767198727 0.5632598820096043
-1.5113911762884629 0.5632598815981109
-1.5113911759750827 0.563259881245109
-1.5113911757740315 0.563259881148295
-1.511391175698842 0.563259881319364
-1.5113911757795229 0.5632598815963733
-1.5113911760288474 0.5632598817824294
-1.5113911764098527 0.563259881792878
-1.5113911768346138 0.5632598816990342
-1.511391177198449 0.5632598816471432
-1.511391177426114 0.5632598817288486
-1.5113911774986912 0.5632598819086252
-1.5113911774460398 0.5632598820590103
-1.5113911773154292 0.5632598820662926
-1.5113911771420292 0.5632598819185397
-1.5113911769411457 0.56325988170966
-1.5113911767222372 0.5632598815637245
-1.5113911765075552 0.563259881544218
-1.511391176336609 0.5632598816180064
-1.5113911762511865 0.5632598816951883
-1.5113911762722843 0.5632598817061641
-1.5113911763867829 0.5632598816530519
-1.5113911765538306 0.5632598815988809
-1.511391176725948 0.5632598816095898
-1.5113911768698205 0.5632598816986657
-1.5113911769737336 0.5632598818173293
-1.5113911770399189 0.5632598818939687
-1.5113911770711959 0.5632598818882972
-1.5113911770638686 0.5632598818176555
-1.5113911770119073 0.5632598817381804
-1.511391176917419 0.5632598816995716
-1.511391176797404 0.5632598817103219
-1.5113911766802208 0.5632598817384619
-1.5113911765936208 0.5632598817431644
-1.5113911765526753 0.5632598817094642
-1.511391176555614 0.5632598816588599
-1.511391176589321 0.5632598816299182
-1.5113911766393031 0.5632598816467133
-1.5113911766966064 0.5632598817006271
-1.5113911767576724 0.5632598817583789
-1.5113911768191615 0.5632598817878596
-1.511391176873436 0.563259881780577
-1.511391176909158 0.5632598817541743
-1.5113911769167703 0.5632598817353016
-1.5113911768945216 0.5632598817380068
-1.5113911768502968 0.563259881754608
-1.5113911767978354 0.5632598817646612
-1.5113911767501025 0.5632598817531527
-1.5113911767143504 0.5632598817228415
-1.5113911766916794 0.5632598816916636
-1.5113911766803159 0.5632598816784885
-1.5113911766792898 0.5632598816891665
-1.5113911766894905 0.5632598817134657
-1.5113911767116566 0.5632598817341841
-1.5113911767434764 0.5632598817403399
-1.5113911767785908 0.5632598817340781
-1.5113911768086188 0.5632598817267921
-1.511391176826873 0.5632598817286545
-1.5113911768311683 0.5632598817403462
-1.511391176823919 0.5632598817531644
-1.5113911768097954 0.5632598817566095
-1.5113911767928723 0.563259881746869
-1.5113911767752581 0.5632598817295473
-1.5113911767577706 0.5632598817150307
-1.5113911767415706 0.5632598817106694
-1.5113911767290782 0.5632598817159801
-1.5113911767232826 0.5632598817241661
-1.5113911767259935 0.5632598817281192
-1.511391176736452 0.563259881725855
-1.5113911767514212 0.5632598817213057
-1.5113911767667152 0.5632598817203799
-1.5113911767790842 0.5632598817258406
-1.5113911767872177 0.5632598817351101
-1.5113911767913981 0.563259881742447
-1.5113911767923618 0.5632598817434389
-1.511391176790397 0.5632598817381618
-1.5113911767853416 0.5632598817307228
-1.511391176777323 0.5632598817258767
-1.5113911767674666 0.5632598817255607
-1.511391176757883 0.5632598817279642
-1.5113911767508537 0.5632598817295449
-1.511391176747788 0.5632598817281178
-1.511391176748675 0.5632598817245171
-1.5113911767523625 0.5632598817216932
-1.5113911767573764 0.5632598817221928
-1.5113911767626587 0.5632598817261304
-1.511391176767756 0.5632598817311792
-1.511391176772476 0.5632598817344157
-1.5113911767764299 0.563259881734452
-1.511391176778907 0.5632598817322177
-1.511391176779199 0.5632598817299456
-1.5113911767771002 0.5632598817293208
-1.5113911767731703 0.5632598817302906
-1.5113911767685366 0.5632598817313659
-1.5113911767643722 0.5632598817310175
-1.5113911767614097 0.5632598817289687
-1.5113911767597934 0.563259881726387
-1.511391176759298 0.563259881724923
-1.5113911767596755 0.5632598817254384
-1.5113911767608457 0.5632598817274251
-1.5113911767628139 0.5632598817294951
-1.5113911767654384 0.5632598817304675
-1.5113911767682835 0.5632598817301744
-1.511391176770709 0.5632598817294109
-1.5113911767721477 0.5632598817291633
-1.5113911767723698 0.5632598817297896
-1.511391176771553 0.5632598817307873
-1.5113911767701256 0.5632598817312705
-1.5113911767685126 0.5632598817307133
-1.5113911767669668 0.5632598817293611
-1.5113911767655739 0.5632598817280178
-1.5113911767643822 0.5632598817274246
-1.511391176763515 0.5632598817277418
-1.5113911767631654 0.5632598817285107
-1.511391176763475 0.5632598817290767
-1.5113911767644068 0.5632598817291027
-1.511391176765716 0.5632598817287737
-1.5113911767670491 0.5632598817285727
-1.511391176768104 0.5632598817288457
-1.511391176768741 0.5632598817295186
-1.5113911767689818 0.5632598817301698
-1.5113911767689228 0.5632598817303718
-1.5113911767686383 0.5632598817300145
-1.5113911767681505 0.5632598817293654
-1.511391176767473 0.563259881728842
-1.5113911767666766 0.5632598817286995
-1.51139117676591 0.563259881728874
-1.5113911767653523 0.563259881729085
-1.5113911767651282 0.5632598817290875
-1.51139117676525 0.5632598817288643
-1.5113911767656225 0.5632598817286184
-1.5113911767661063 0.5632598817285887
-1.5113911767665889 0.5632598817288527
-1.5113911767670154 0.5632598817292688
-1.5113911767673731 0.5632598817295911
-1.5113911767676491 0.5632598817296547
-1.511391176767806 0.563259881729484
-1.5113911767677972 0.5632598817292505
-1.5113911767676032 0.563259881729127
-1.5113911767672616 0.5632598817291601
-1.5113911767668613 0.5632598817292555
-1.5113911767665036 0.5632598817292739
-1.511391176766259 0.5632598817291522
-1.5113911767661456 0.5632598817289527
-1.5113911767661412 0.5632598817288085
-1.5113911767662125 0.563259881728817
-1.5113911767663388 0.5632598817289685
-1.5113911767665138 0.5632598817291599
-1.5113911767667283 0.5632598817292777
-1.5113911767669541 0.5632598817292789
-1.511391176767145 0.5632598817292106
-1.5113911767672554 0.5632598817291596
-1.5113911767672628 0.5632598817291786
-1.5113911767671793 0.5632598817292481
-1.5113911767670416 0.5632598817292997
-1.5113911767668913 0.5632598817292758
-1.5113911767667558 0.563259881729177
-1.511391176766645 0.5632598817290603
-1.51139117676656 0.5632598817289934
-1.5113911767665043 0.5632598817290059
-1.5113911767664883 0.5632598817290718
-1.5113911767665218 0.5632598817291359
-1.5113911767666035 0.5632598817291575
-1.5113911767667154 0.5632598817291387
-1.5113911767668293 0.5632598817291148
-1.5113911767669184 0.5632598817291219
-1.511391176766968 0.5632598817291662
-1.5113911767669796 0.5632598817292201
-1.5113911767669632 0.5632598817292458
-1.511391176766929 0.5632598817292248
-1.5113911767668822 0.5632598817291715
-1.511391176766825 0.5632598817291198
-1.5113911767667616 0.5632598817290977
-1.5113911767667019 0.5632598817291078
-1.5113911767666588 0.56325988172913
-1.5113911767666433 0.5632598817291403
-1.511391176766657 0.5632598817291299
-1.5113911767666928 0.5632598817291106
-1.511391176766738 0.5632598817291029
-1.5113911767667816 0.5632598817291186
-1.5113911767668173 0.5632598817291509
-1.511391176766844 0.5632598817291806
-1.511391176766862 0.5632598817291911
-1.5113911767668704 0.5632598817291794
-1.5113911767668664 0.5632598817291578
-1.5113911767668486 0.563259881729142
-1.5113911767668196 0.56325988172914
-1.5113911767667858 0.5632598817291471
-1.5113911767667558 0.5632598817291519
-1.5113911767667358 0.5632598817291464
-1.511391176766728 0.5632598817291324
-1.5113911767667307 0.5632598817291194
-1.51139117676674 0.5632598817291172
-1.5113911767667532 0.5632598817291279
-1.5113911767667687 0.5632598817291443
-1.511391176766786 0.5632598817291568
-1.5113911767668033 0.5632598817291595
-1.5113911767668178 0.5632598817291543
-1.5113911767668258 0.5632598817291479
-1.5113911767668256 0.5632598817291463
-1.5113911767668176 0.5632598817291502
-1.5113911767668047 0.5632598817291549
-1.511391176766791 0.5632598817291549
-1.5113911767667791 0.5632598817291484
-1.5113911767667705 0.563259881729139
-1.5113911767667647 0.5632598817291324
-1.5113911767667618 0.563259881729132
-1.5113911767667618 0.5632598817291371
-1.5113911767667654 0.5632598817291433
-1.5113911767667725 0.5632598817291466
-1.5113911767667818 0.5632598817291461
-1.5113911767667911 0.5632598817291441
-1.5113911767667982 0.5632598817291438
-1.511391176766802 0.5632598817291462
-1.5113911767668022 0.5632598817291501
-1.5113911767668 0.5632598817291525
-1.5113911767667962 0.5632598817291515
-1.5113911767667918 0.5632598817291475
-1.511391176766787 0.563259881729143
-1.511391176766782 0.5632598817291404
-1.5113911767667776 0.5632598817291407
-1.5113911767667745 0.5632598817291425
-1.5113911767667736 0.5632598817291442
-1.5113911767667751 0.5632598817291441
-1.5113911767667785 0.5632598817291429
-1.5113911767667827 0.563259881729142
-1.5113911767667867 0.5632598817291429
-1.5113911767667898 0.5632598817291453
-1.5113911767667918 0.5632598817291479
-1.5113911767667927 0.563259881729149
-1.5113911767667927 0.5632598817291482
-1.5113911767667918 0.5632598817291463
-1.51139117676679 0.5632598817291445
-1.5113911767667876 0.5632598817291439
-1.511391176766785 0.5632598817291442
-1.5113911767667825 0.5632598817291449
-1.511391176766781 0.563259881729145
-1.5113911767667805 0.5632598817291442
-1.511391176766781 0.5632598817291431
-1.511391176766782 0.5632598817291427
-1.5113911767667834 0.5632598817291432
-1.5113911767667847 0.5632598817291447
-1.511391176766786 0.5632598817291459
-1.5113911767667874 0.5632598817291463
-1.5113911767667885 0.563259881729146
-1.511391176766789 0.5632598817291454
-1.511391176766789 0.563259881729145
-1.5113911767667882 0.563259881729145
-1.5113911767667871 0.5632598817291454
-1.5113911767667858 0.5632598817291457
-1.5113911767667847 0.5632598817291452
-1.511391176766784 0.5632598817291443
-1.5113911767667836 0.5632598817291437
-1.5113911767667834 0.5632598817291434
-1.5113911767667836 0.5632598817291439
-1.511391176766784 0.5632598817291447
-1.5113911767667847 0.5632598817291453
-1.5113911767667854 0.5632598817291454
-1.5113911767667862 0.5632598817291451
-1.511391176766787 0.5632598817291447
-1.5113911767667871 0.5632598817291447
-1.5113911767667871 0.5632598817291451
-1.511391176766787 0.5632598817291457
-1.5113911767667865 0.5632598817291458
-1.511391176766786 0.5632598817291453
-1.5113911767667856 0.5632598817291448
-1.5113911767667851 0.5632598817291443
-1.511391176766785 0.5632598817291442
-1.5113911767667847 0.5632598817291444
-1.5113911767667845 0.5632598817291448
-1.5113911767667845 0.5632598817291451
-1.5113911767667847 0.563259881729145
-1.5113911767667851 0.5632598817291447
-1.5113911767667856 0.5632598817291445
-1.511391176766786 0.5632598817291447
-1.5113911767667862 0.5632598817291451
-1.5113911767667862 0.5632598817291454
-1.5113911767667862 0.5632598817291454
-1.5113911767667862 0.5632598817291451
-1.5113911767667862 0.5632598817291447
-1.511391176766786 0.5632598817291445
-1.5113911767667856 0.5632598817291449
