2.6253975531287517 0.4860220442275649
2.6269071542498637 0.4875432173801103
2.627931460516635 0.48886456781487037
2.628620170372779 0.489985319041415
2.6290846398497787 0.49092046626347363
2.629401373774135 0.4916920050780127
2.6296208648829 0.4923236196217553
2.629775842365361 0.49283788991139865
2.629887422542474 0.4932550306748351
2.6299692869019866 0.49359248502775144
2.630030394018819 0.49386496153718534
2.630076700052348 0.4940846779740201
2.6301122391453644 0.49426168164877265
2.6301398003967624 0.49440417866417774
2.630161353597838 0.49451883977288474
2.630178319196444 0.4946110698319934
2.630191741590137 0.4946852379113297
2.630202402118855 0.49474487000701367
2.630210894113933 0.49479280839812256
2.6302176737813316 0.4948313423015955
2.6302230954587436 0.4948623143720477
2.630227436585686 0.49488720716143714
2.630230915763571 0.494907213110134
2.6302337060728274 0.49492329109201544
2.630235945061822 0.49493621203076754
2.6302377423493906 0.4949465956614059
2.630239185481417 0.49495494013353314
2.630240344486699 0.4949616458371163
2.630241275448506 0.494967034570635
2.6302420233214336 0.4949713649575524
2.6302426241633667 0.49497484484270426
2.630243106910279 0.4949776412586316
2.6302434947912836 0.49497988843726143
2.630243806459138 0.4949816942497172
2.630244056894779 0.49498314538231303
2.630244258131875 0.4949843114965472
2.6302444198376884 0.4949852485724038
2.630244549779039 0.494986001595219
2.630244654196262 0.494986606714954
2.6302447381034364 0.4949870929814445
2.630244805529475 0.4949874837388772
2.6302448597117634 0.49498779774640494
2.6302449032517075 0.494988050078678
2.630244938239697 0.49498825284951076
2.630244966355502 0.4949884157934181
2.6302449889489425 0.49498854673293524
2.630245007104702 0.49498865195415154
2.630245021694411 0.49498873650848685
2.6302450334184955 0.49498880445519583
2.630245042839806 0.4949888590562416
2.63024505041064 0.494988902932894
2.630245056494458 0.4949889381915702
2.63024506138333 0.49498896652495855
2.6302450653119602 0.4949889892932803
2.6302450684689536 0.49498900758959086
2.63024507100587 0.49498902229225455
2.6302450730445015 0.49498903410711304
2.6302450746827177 0.49498904360137075
2.6302450759991656 0.49498905123082576
2.630245077057045 0.4949890573617508
2.6302450779071425 0.49498906228847783
2.630245078590269 0.49498906624752786
2.63024507913922 0.494989069428966
2.63024507958035 0.4949890719855259
2.6302450799348356 0.49498907403994225
2.6302450802196953 0.494989075690843
2.6302450804486046 0.4949890770174841
2.630245080632553 0.49498907808355463
2.6302450807803717 0.49498907894023425
2.6302450808991567 0.4949890796286502
2.6302450809946105 0.49498908018185184
2.630245081071316 0.49498908062639696
2.630245081132955 0.49498908098362737
2.630245081182488 0.49498908127069274
2.6302450812222915 0.4949890815013746
2.630245081254277 0.4949890816867473
2.6302450812799805 0.49498908183571033
2.6302450813006355 0.4949890819554149
2.6302450813172333 0.4949890820516079
2.630245081330571 0.49498908212890724
2.630245081341289 0.49498908219102394
2.6302450813499023 0.49498908224094
2.6302450813568234 0.494989082281052
2.630245081362385 0.4949890823132853
2.6302450813668545 0.4949890823391876
2.6302450813704463 0.49498908236000233
2.6302450813733325 0.49498908237672873
2.6302450813756515 0.4949890823901699
2.6302450813775153 0.494989082400971
2.630245081379013 0.49498908240965067
2.6302450813802163 0.49498908241662554
2.6302450813811835 0.4949890824222304
2.6302450813819607 0.4949890824267344
2.630245081382585 0.4949890824303537
2.630245081383087 0.4949890824332622
2.63024508138349 0.49498908243559936
2.6302450813838143 0.49498908243747747
2.6302450813840745 0.49498908243898676
2.6302450813842837 0.4949890824401995
