0.020941758367970537 -0.18596314017519833
0.03414143919035106 -0.1621701620705226
0.054116437404965516 -0.13111640708708922
0.08114392761558997 -0.09709013917376419
0.11631061924285628 -0.0637584590778703
0.16050367035228005 -0.03503497548027972
0.21346203442523387 -0.014933673362285035
0.273098596933696 -0.006653577020634804
0.33573614502094384 -0.01143217088443252
0.3973742438416622 -0.02815180364369847
0.4550366225162215 -0.05409763434190985
0.5071820937012632 -0.08616122642267449
0.5531736704697864 -0.12157164864108438
0.5925796100936561 -0.15792549355388352
0.6249724453396542 -0.1929484716636116
0.6501799030031669 -0.22446339939794346
0.668486634188854 -0.2505800346133681
0.6805453423827291 -0.26983775719550274
0.6871333066671284 -0.28116862658948955
0.688931117110864 -0.28373905386880344
0.6863822605655376 -0.2767691348825246
0.6796168415457361 -0.25939515835317
0.6684133752629509 -0.23061908232065728
0.6522005277519268 -0.1894013922178075
0.6301525721046871 -0.13498663501187871
0.6014960427639581 -0.06754974872534626
0.56615073656226 0.01090941696028329
0.5256001189214575 0.09593367323982084
0.48335525847612143 0.18115724964282245
0.4441744707877174 0.2603486363693812
0.4122570740266477 0.32955308404864475
0.3899035838458184 0.3875365543848244
0.37753169043821555 0.4346438876128494
0.37448455204611986 0.47146176881755414
0.3798231492566617 0.49799658960381715
0.39284174592230586 0.5131175326401249
0.4133791467965191 0.5135829885077987
0.44192223685564375 0.49134294489883706
0.4784759034235756 0.4251335823320017
0.5114309357445032 0.2533288757478724
0.4509764278174358 -0.15273479101848939
0.187199174171542 -0.6032479481948853
-0.03403223006095442 -0.7700264441596375
-0.15771036502613903 -0.8157362523587965
-0.23169471551589277 -0.8283193562856324
-0.28219331855423896 -0.8264737953068758
-0.3238658675837649 -0.8061999304807848
-0.36754252588478964 -0.7342008957868165
-0.3996404693505724 -0.4589970830419724
-0.2683220852872557 0.22664017315215876
-0.0996972927708063 0.6121028598082435
-0.032711201020454043 0.7205241387088924
-0.011166276235969204 0.7513297884008652
-0.01229971626789214 0.7497619795351731
-0.032398374617262415 0.7207772383365717
-0.07779078115121572 0.6486677809886484
-0.16268311619035875 0.48658597294441314
-0.28644860983980786 0.16411411436581483
-0.37843379205987965 -0.23196749183937426
-0.40014321755448007 -0.4843174708427514
-0.394578629653616 -0.599616845083046
-0.3848749906777722 -0.6441764706321667
-0.3746902366355473 -0.640214178619044
-0.3495453971067223 -0.5312187764432307
-0.07325385762349326 0.21589320893079014
0.23830979563128907 0.673367090846345
0.3184359053155435 0.6736149149885
0.3672960775820105 0.592462080904446
0.40164322589169893 0.4098714441436716
0.37587088271500024 0.05438145711507359
0.250874653686075 -0.3432075568096464
0.13076079233516735 -0.5545670133954875
0.06478622252337943 -0.6273488162840587
0.045061078697844544 -0.6146455065761002
0.07874557579411101 -0.45433847314672404
0.1633580457086875 0.10615847610292757
0.14825237583480486 0.5399274251636782
0.07907532902732398 0.6096838866231287
-0.03132289278782425 0.5001465948692664
-0.1919921471166067 0.17161343259503678
-0.30109073185900354 -0.20052876652718404
-0.32585805665332285 -0.37012956428476346
-0.31324179670984786 -0.3774337626816897
-0.2564345495552059 -0.22176582363115047
-0.10675048360831646 0.129412908069981
0.059579505221897006 0.3957474578830822
0.14823384604267692 0.4205910056357561
0.17354274764501934 0.2458731782517704
0.13332076854521507 -0.08340754137852258
0.07436192718812051 -0.3277770363765778
0.05162268661357352 -0.3922718387484517
0.06956941506368951 -0.30673670703545164
0.1132307985161936 -0.07480972997164219
0.13623724617206825 0.18307023540318212
0.10987908670366381 0.2953410843311568
0.037672448295071916 0.2379547362052339
-0.06617696745751837 0.046007535052229306
-0.1484617526867806 -0.14212712363356075
-0.17719651386805638 -0.20784351794067193
-0.15749928058479287 -0.14379890771503434
-0.09606707895067014 0.01570847412690519
-0.021009728892255736 0.16901083717364995
0.029901315841397255 0.21743769154443812
0.04571546881512584 0.14330540449612772
0.03436419189884275 -0.012204361431765915
0.018582020712336722 -0.1486300260095618
0.019370362773231807 -0.1909930882157005
0.04005799239623775 -0.13348083347660608
0.06801694491597779 -0.013917484680386755
0.08173858834775473 0.09295261546724755
0.06823860415609717 0.12699828684481324
0.02866881172406636 0.0792009364335034
-0.022689451900224193 -0.013403690357531053
-0.06256973728440912 -0.08558395666447242
-0.07634005626881107 -0.09396301319678753
-0.06398422492809025 -0.03933358296475734
-0.036209167149680824 0.0415422404516013
-0.009640167414336213 0.09656643767985845
0.00408230091143562 0.09441546995566111
0.004130878220243843 0.03964464482934215
-0.0014990227168068802 -0.03280900480474309
-0.00216581741934354 -0.07916992545161809
0.007476564035106681 -0.07674940418335485
0.024337892246083348 -0.03330805136026272
0.039094997895272036 0.020859040961132343
0.04250282728396946 0.05225376789835182
0.03134941541835028 0.04535391135304551
0.00983373547017727 0.009153976190040231
-0.012564975789210578 -0.030149510750369625
-0.026574050326665093 -0.04676617978769685
-0.028432152885032393 -0.031703614127660665
-0.02088869864805349 0.0038419749468102038
-0.010707317450296043 0.036810465824990674
-0.004185610311642675 0.04746796962638189
-0.003480572248064737 0.031150193132600163
-0.006099642516136337 -0.0005359064763952954
-0.007244946708683848 -0.027855882938337996
-0.0034212152344857516 -0.03572011217875905
0.005149148572762426 -0.02226820884784096
0.014700072086318561 0.0015822641071594086
0.020343002361625354 0.019967579675441
0.01912791505328523 0.022276076515992106
0.011672663856280505 0.008981162331549407
0.0016389551731730407 -0.009810386918597277
-0.006466082708884787 -0.021454483064403566
-0.009846189982783034 -0.018884062244256882
-0.008665778850607323 -0.004442911115783601
-0.005421403743270478 0.012372579731930924
-0.0030508464920491773 0.02133800053125516
-0.0030417107827304854 0.01782061002902001
-0.004716690372891407 0.0050383669099232
-0.005978143539645751 -0.008613501905803175
-0.004901648166784901 -0.01513137855767674
-0.0010956314790122757 -0.011701457303851482
0.004019911648034284 -0.0018241997842104315
0.008100297939788573 0.007496186650388495
0.009301667387371933 0.010420835416293111
0.00731478248065173 0.005747565591770728
0.0034194570280124113 -0.002824303682573063
-0.0003744880176333208 -0.009456911338944345
-0.0025187706925649425 -0.010003222058849853
-0.0027032113624700814 -0.004430897814388232
-0.0017960547248286613 0.003515633499285399
-0.001087740335592438 0.008942690078399543
-0.001382673013713793 0.008904358689397054
-0.002521105760600639 0.004008693335391654
-0.003581204034526072 -0.00230190458906935
-0.0035658772562055245 -0.006129172230474213
-0.0020961890602843925 -0.005539672301818192
0.00033072325546241706 -0.001530711628552726
0.0026488228717184803 0.0029023101117235666
0.00386401791143829 0.0048343196000224745
0.003608917297941987 0.0032255847660898718
0.0022828322711839176 -0.0006148725443075323
0.0007341242910846971 -0.0040684123451239056
-0.0002793021136716961 -0.004962000828156814
-0.0005035712252233013 -0.002883448423026653
-0.0002404948870030283 0.0007167326160677944
-0.00004967630237201198 0.0035845068676295952
-0.00032781544121627783 0.004118960743266919
-0.0010441723935947118 0.002287072583253713
-0.0017841241507742887 -0.0005159908937170416
-0.0020446177140164344 -0.0024713123072973016
-0.0015722970089484887 -0.002499781046150403
-0.0005260538610788432 -0.000848248641832316
0.0006254326058320167 0.0012070414525086474
0.0013877396280043948 0.0022674634564066555
0.0015175359190909502 0.0017046832864899405
0.001125128509199726 -0.00001614197330101398
0.0005588315380185393 -0.0017286413750277944
0.0001648440776597632 -0.0023596713802171167
0.00008284345629692679 -0.0015920392536284377
0.00019857082345680317 0.000005306805291915633
0.0002640938335360024 0.0014101400049838925
0.00009042704072397915 0.0018199209160341416
-0.000318413796818483 0.0011230640200275007
-0.0007707102496919064 -0.00010497987908591725
-0.0010165935062893578 -0.0010315178521399682
-0.0009094243340632318 -0.001112276181388329
-0.0004942944170078356 -0.00040081188365169684
0.000026387184560252365 0.0005481861259589675
0.0004191248623324694 0.0010808167932810405
0.000552041353467385 0.0008689041597068472
0.0004528011885357049 0.00008871775956799692
0.00026475532454039 -0.0007351691659201522
0.00013989815935454733 -0.0010908523504472895
0.00014223802784032422 -0.0007987493316410377
0.00022075020662461125 -0.00009324567738072267
0.000260995149168242 0.0005621511886836581
0.000173728124451584 0.0007847255442324405
-0.00004054471405077491 0.0005012591830654099
-0.00029094338018189887 -0.00003977732828221094
-0.00045500635571807786 -0.0004586943854043674
-0.00045495390442133434 -0.0004978512462055
-0.00030195108787129125 -0.00017204297765074561
-0.00008328430831787017 0.00026862128672430877
0.00009466685521433472 0.0005214364782692917
0.0001684439647664502 0.00042964968623534843
0.0001460694807324302 0.0000696137594561471
0.00008848954743580907 -0.0003180098086408219
0.0000610774584113625 -0.0004946842626738745
0.00008929136176950381 -0.0003736036974569108
0.00014628187724866206 -0.00005959795788443882
0.00017698006629364332 0.00023529702641532718
0.00013936585879336974 0.00033526360348408706
0.000034412818740416496 0.00020683229385181194
-0.00009393180371498823 -0.000035602845584668016
-0.00018653504046363216 -0.00021833223864967327
-0.00020489884806689133 -0.00022544189770353737
-0.00015186761790576375 -0.00006728630808774061
-0.00006565260016033667 0.0001384441539973343
0.000006575225457547052 0.00025248542779590996
0.000037096356268379346 0.00020547946632619825
0.00003027485132456586 0.00003629739189977213
0.000013434385888475125 -0.00014217771210769584
0.000014386226302780224 -0.00022115014400035413
0.00004159651174902493 -0.00016404168470368716
0.00007960339980383787 -0.00002231329458019075
0.00010118618663775755 0.00010599047342656498
0.00008679884790888802 0.000143006585008346
0.000037933536318464856 0.00007816072590527997
-0.00002383978551704686 -0.00003242162245920701
-0.00007049759298442094 -0.00010906092594021429
-0.00008423854943343693 -0.0001024086320181638
-0.00006650785610854231 -0.000022495760323837124
-0.00003449453088825351 0.00007326878091978919
-0.0000085991014538188 0.00012149109261188262
2.980381659621888e-7 0.00009419495198438499
-0.000004247132639019774 0.000013660869912198567
-0.000009317097037124047 -0.00006629801654923257
-0.0000032416608181825036 -0.00009743614418643207
0.000015815349236536832 -0.00006704361456066337
0.0000387701948593176 -0.0000023037416077317224
0.0000520980526799386 0.00005123142211316676
0.000046998647679640544 0.00006069577901839034
0.000025044698632145983 0.00002562714818702445
-0.000003085625458716273 -0.00002518834960900198
-0.000024448513211876768 -0.000055438644010411826
-0.00003145703108391594 -0.000045731907315720866
-0.00002544235670632107 -0.000004708837503064214
-0.000014361317104749606 0.000039079406505691084
-0.000006757994689671506 0.00005744213801027014
-0.0000062475589912384755 0.00004071660452541743
-0.000009992377340794418 0.000002300102127380957
-0.00001168996283650536 -0.000032079396484509757
-0.000006605846684729301 -0.000041973826788199196
0.000004903369205858002 -0.00002469351095510993
0.00001760044512818067 0.000004882219324744613
0.00002488103313606678 0.000025782681084623312
0.000023032080729629957 0.00002517190848667964
0.000013408020875305883 0.000005843006880647998
0.0000012888712332401192 -0.00001720926106688445
-0.000007569554204945012 -0.00002783473556363027
-0.000010298195839134697 -0.000019464579082200796
-0.000008085800498755611 0.0000014221791381688436
-0.000004672180906294804 0.00002066682433645405
-0.000003446850492021568 0.000026303461129735096
-0.000005196341588024738 0.000016090363996344906
-0.000007900885719880476 -0.000001968633439928187
-0.000008491899464234494 -0.00001577742699356263
-0.00000519892993843298 -0.000017334875117039053
0.0000011446075021590183 -0.000007443425561233885
0.000007632106180920145 0.000005773426987429919
0.000011165863473590134 0.000012962170729364445
0.000010359617774602096 0.000009808700634722599
0.000006231259523133445 -6.260199502620275e-7
0.0000013488321755376915 -0.000010645013471836279
-0.0000018779655333992522 -0.00001344087814372844
-0.000002587110951448026 -0.000007517304599285104
-0.0000016879435911993088 0.000002787371046702123
-9.167753587378312e-7 0.000010648582483458531
-0.0000014816562150864702 0.000011417201634931809
-0.000003240836268472362 0.000005420862138427852
-0.000004908280093213001 -0.000002746453035264522
-0.000005048522824284448 -0.000007640421005334129
-0.0000031198692287061025 -0.000006589165610038197
1.4114035657440541e-7 -0.0000011325322199084111
0.000003203051468940196 0.000004446960353073784
0.000004708921913692093 0.000006246701376189637
0.000004264086332423062 0.000003301869397809772
0.000002552700566662289 -0.000002051552691422801
7.753923825439338e-7 -0.0000060351189234594325
-1.5906171357324862e-7 -0.000006067624906141305
-1.4079233418228062e-7 -0.0000023692800918952137
2.2744342738174604e-7 0.000002429943098525944
1.8123480703525834e-7 0.000005230512902914009
-6.115149805968992e-7 0.000004526957537953371
-0.0000018200507917860536 0.0000012253815548666074
-0.000002706761759783621 -0.000002201163991907322
-0.0000026549635840263402 -0.0000034994657912597687
-0.0000015904841867217865 -0.00000209405773262401
-2.2241387289715475e-8 7.130442533120797e-7
0.000001296715875799334 0.000002807334822032024
0.000001835979312275461 0.0000027605141078928012
0.000001569586917803052 7.255695458485826e-7
9.107761769484734e-7 -0.0000018081436098424996
3.8033909056912007e-7 -0.0000031279213826287454
2.548324425394632e-7 -0.000002456674914545149
4.274620363202792e-7 -3.837857013100497e-7
5.485133141352912e-7 0.0000016489124238297595
3.1881525148062314e-7 0.0000023749796875970073
-2.7992379355107786e-7 0.0000015145402547960858
-9.704302001752023e-7 -1.4726157890625955e-7
-0.0000013736520837333721 -0.0000013939630929269194
-0.0000012638341987961377 -0.0000014320576603150657
-7.090180916312608e-7 -3.758227720649681e-7
-1.2514562452937436e-8 9.234911654465048e-7
4.897436326580588e-7 0.0000015252901423440725
6.310542108756117e-7 0.000001044494482580266
4.846684574655429e-7 -1.3767570213259946e-7
2.7252232735957e-7 -0.0000011966735220514397
1.9110473188224106e-7 -0.0000014546743926437854
2.798665160580365e-7 -8.179707057529882e-7
4.1557344280220844e-7 2.15872830710546e-7
4.224989764766351e-7 9.446048655225463e-7
2.1099114974221354e-7 9.455870941256933e-7
-1.5395722448841878e-7 3.2519306574393746e-7
-4.960124863751368e-7 -4.098530110979766e-7
-6.45033050964699e-7 -7.354189007918091e-7
-5.442575796722774e-7 -4.652641308340941e-7
-2.767329109150476e-7 1.5704593869955173e-7
-6.219165269594756e-10 6.654824028148313e-7
1.5558145709399685e-7 7.094008305539803e-7
1.6542367834490825e-7 2.8166308065705907e-7
1.0092285304035566e-7 -3.062721207411853e-7
6.465381494471799e-8 -6.61566554283004e-7
1.1082257626176378e-7 -5.798076273807619e-7
2.1031696020230268e-7 -1.629457297752572e-7
2.791273269396999e-7 2.7921749311886683e-7
2.443481948473251e-7 4.5673952073410117e-7
9.865833717983734e-8 2.9074605481430207e-7
-9.358507546404075e-8 -5.6800902276901624e-8
-2.3935294198974e-7 -3.186859937926274e-7
-2.764060210634985e-7 -3.1535726966039827e-7
-2.0829715487360843e-7 -6.901756252643152e-8
-9.406575956685695e-8 2.306781065621231e-7
-3.9746017470433575e-9 3.7168341842037754e-7
2.5894337869507926e-8 2.663425561464142e-7
1.0068063863177486e-8 1.4579399879546735e-10
-6.297453072590426e-9 -2.4132137876111343e-7
1.4141131121402737e-8 -3.062125894328047e-7
7.259249537401533e-8 -1.746856220011723e-7
1.3464015457712444e-7 4.1392820697247546e-8
1.5663073364563128e-7 1.8744282268137777e-7
1.1741311864526132e-7 1.74870275915366e-7
3.3002017643949e-8 3.386475866070875e-8
-5.466137621626184e-8 -1.1994798108192656e-7
-1.0529088412028468e-7 -1.7373747523659638e-7
-1.0440146738248753e-7 -9.50372585777943e-8
-6.837824212707454e-8 5.3251618357800054e-8
-2.9149307248916643e-8 1.6464679334013968e-7
-1.095783041134605e-8 1.6591631096509714e-7
-1.5706055539981677e-8 6.411882038307333e-8
-2.5748016140074227e-8 -6.542018994586976e-8
-2.0149193926499844e-8 -1.363824871699497e-7
8.399759421143355e-9 -1.1063604782356162e-7
4.799466435314472e-8 -1.8856242601051113e-8
7.624279658137528e-8 6.764982390499308e-8
7.608883582260569e-8 8.985941441165406e-8
4.723334591057073e-8 4.0096213111817755e-8
5.63830768995536e-9 -3.809507341419266e-8
-2.7599500929027197e-8 -8.52865873065039e-8
-3.962042194771021e-8 -6.899459745830088e-8
-3.230960337672654e-8 -3.826406225853277e-9
-1.8377764582246135e-8 6.27404225536984e-8
-1.0875064496646736e-8 8.590455514502006e-8
-1.403902785698066e-8 5.3968854133500854e-8
-2.1602895418863296e-8 -6.752958435069667e-9
-2.2893443475889296e-8 -5.347630289707291e-8
-1.1607471115084683e-8 -5.7613564497817174e-8
9.214300865185143e-9 -2.265997525892232e-8
2.9245198106848635e-8 2.169970340845096e-8
3.8003171309119107e-8 4.284427884073672e-8
3.17361871600747e-8 2.809574846225817e-8
1.5364690123562165e-8 -8.509125805138933e-9
-1.4159912808821529e-9 -3.864258884860993e-8
-1.070492392963133e-8 -4.0837411349000456e-8
-1.0961923808330802e-8 -1.4880275475773768e-8
-6.739995767123798e-9 1.9876862709748943e-8
-4.352269654613777e-9 3.959712656814598e-8
-6.9470682157580665e-9 3.273582666282401e-8
-1.2496764240478333e-8 6.76504914452794e-9
-1.580747436592299e-8 -1.8828193486007157e-8
-1.2727690303271283e-8 -2.710300621961239e-8
-3.3587287210242367e-9 -1.4991220606024342e-8
7.94407071316207e-9 6.11277202146743e-9
1.555213531474845e-8 1.98331909765224e-8
1.623978024991773e-8 1.678525181845396e-8
1.0984364796120013e-8 4.728655381133713e-10
3.8413795063232065e-9 -1.639775915742315e-8
-1.050877469606931e-9 -2.1691711563941653e-8
-2.1091324234805293e-9 -1.2310165240977436e-8
-8.385249943521818e-10 4.429839669712132e-9
-1.5354512664781624e-10 1.6791513253586937e-8
-1.924774649896554e-9 1.711955689133298e-8
-5.577301974224437e-9 6.6985354500239875e-9
-8.639223271231498e-9 -6.0526029231177944e-9
-8.672435678906333e-9 -1.2142089028549339e-8
-5.090294976775618e-9 -8.289544847371212e-9
4.244667343856112e-10 1.4136655969446992e-9
5.094789303081616e-9 9.163515116312468e-9
6.881260083371063e-9 9.335018967441423e-9
5.661434470252362e-9 2.2607886170019112e-9
3.019672284537001e-9 -6.548556163592992e-9
9.408551771787996e-10 -1.0756531255001015e-8
4.2604085760404066e-10 -7.732253256110054e-9
9.923137276736796e-10 -6.571897913439384e-11
1.2981920246950219e-9 6.709097810094639e-9
3.2004356014334146e-10 8.228112554769341e-9
-1.8248662809232141e-9 4.194115401031262e-9
-3.972461499585942e-9 -1.8496534075429779e-9
-4.780699067063054e-9 -5.402046799700511e-9
-3.6911793061308773e-9 -4.258540537340891e-9
-1.2935257192616153e-9 1.8248093349728252e-10
1.1182189589541637e-9 4.286471763307807e-9
2.4237503587091197e-9 4.9945569442478195e-9
2.3473045852653517e-9 1.95534965733364e-9
1.4856025829636906e-9 -2.4639146753960155e-9
7.477299006739789e-10 -5.092691430889302e-9
6.648724978880981e-10 -4.263770550369809e-9
1.0690023572994678e-9 -8.469973652749155e-10
1.324999837910102e-9 2.5976337192733635e-9
8.884213085836145e-10 3.770099618850641e-9
-2.4890465847774315e-10 2.204414853654421e-9
-1.5416051448595245e-9 -6.053259345491514e-10
-2.282211701605967e-9 -2.4705018530803667e-9
-2.0913334740216004e-9 -2.13353259628421e-9
-1.1521327026900725e-9 -6.681926797546605e-11
-4.6059603679114763e-11 2.038836660500927e-9
6.607887455576378e-10 2.6047849976052965e-9
7.710494611058676e-10 1.288632644675524e-9
5.131475861227661e-10 -8.777040894632882e-10
2.9806726191763884e-10 -2.3410922398209992e-9
3.835755504256335e-10 -2.1713196320202684e-9
6.962616753425318e-10 -6.568672903198961e-10
9.22537600947732e-10 1.0174476372744232e-9
7.750418723070235e-10 1.6934803780828156e-9
2.2345366188419334e-10 1.0505707652225375e-9
-4.769060122537612e-10 -2.6011901661284465e-10
-9.64890890574832e-10 -1.1851374942940634e-9
-1.0183581460014838e-9 -1.0667502691259286e-9
-6.861200491875147e-10 -7.710263931992374e-11
-2.252986216788395e-10 9.854406196217158e-10
9.341491507448494e-11 1.3304360664982033e-9
1.6324748372032956e-10 7.449059777076531e-10
8.016132972396663e-11 -3.038591937620281e-10
3.2713492803902305e-11 -1.0611691904709535e-9
1.3990352217813087e-10 -1.0461074003986004e-9
3.6063950536322925e-10 -3.6403316677407873e-10
5.340856026702665e-10 4.279291228404441e-10
5.093918496683186e-10 7.630967344146781e-10
2.6187159101850573e-10 4.686960658735531e-10
-8.819532450473539e-11 -1.5378020844618386e-10
-3.6116472426148956e-10 -5.96593497400278e-10
-4.3875116498738077e-10 -5.35032047335996e-10
-3.3236124240006736e-10 -4.632259630573876e-11
-1.5638210874234513e-10 4.833022617767493e-10
-3.532067191658246e-11 6.661869474951212e-10
-1.7680624617966288e-11 3.934954966796519e-10
-5.64903745974692e-11 -1.1107387708018476e-10
-6.241284045713615e-11 -4.813744728033715e-10
1.7822431910926653e-11 -4.827294412651354e-10
1.5813186180842903e-10 -1.6498749935195506e-10
2.740967748724826e-10 2.0319808683356376e-10
2.874877011604244e-10 3.5036895716101943e-10
1.8350789193388546e-10 1.9769199525535387e-10
1.9666741134156276e-11 -1.0456110472814492e-10
-1.1660230873697711e-10 -3.102739657896704e-10
-1.6700734939477977e-10 -2.6712356940711906e-10
-1.3533895299127645e-10 -1.9689908027242254e-11
-7.381681793315549e-11 2.4040023271815696e-10
-3.8036194288768596e-11 3.266126114674641e-10
-4.632303053834831e-11 1.9200638222601827e-10
-7.22774669011731e-11 -4.976340218028345e-11
-7.209891234426813e-11 -2.2118458822293434e-10
-2.267011596850296e-11 -2.1410641151164965e-10
5.904811184489418e-11 -5.982231874731885e-11
1.2845236216353925e-10 1.0876103087737519e-10
1.4595898324802896e-10 1.644543790955884e-10
1.044168806703867e-10 7.782959563787178e-11
3.1990672218837356e-11 -7.124243156362038e-11
-2.9649198600661976e-11 -1.6323033449537938e-10
-5.393059382184849e-11 -1.3073415055245253e-10
-4.402896613028987e-11 -3.645989489260781e-12
-2.4721153873638368e-11 1.211347195821388e-10
-2.0078026089703066e-11 1.5617324200558472e-10
-3.4974092533133544e-11 8.585915916572746e-11
-5.352938051570346e-11 -2.919296240633632e-11
-5.382296416905395e-11 -1.0343344593888002e-10
-2.6386792443753817e-11 -9.06529326796455e-11
1.7957661292669683e-11 -1.3060564228465807e-11
5.5823434480100086e-11 6.241323557362723e-11
6.794125273283093e-11 7.805075041052205e-11
5.175740065740019e-11 2.6993619506078408e-11
2.1467210380836842e-11 -4.659285046592272e-11
-3.579934482518476e-12 -8.513691094314604e-11
-1.2404023826206979e-11 -6.139003182649604e-11
-8.239891483710477e-12 3.910240605804979e-12
-3.222271706066106e-12 6.153328197350387e-11
-7.337985426617019e-12 7.218296808075358e-11
-2.0350495836695553e-11 3.400614517740904e-11
-3.265759733335249e-11 -1.9820572187331225e-11
-3.334953776281965e-11 -4.8886086646818954e-11
-1.8999705646243274e-11 -3.573478073377076e-11
3.659019879296519e-12 3.90544936688626e-12
2.2629410201130997e-11 3.626097876339468e-11
2.907161432642579e-11 3.656259884910861e-11
2.2721872475867444e-11 6.6280707522334895e-12
1.0841336812972526e-11 -2.8993226092134604e-11
2.119199898293392e-12 -4.3232229866369505e-11
3.930486788521439e-13 -2.688430622410763e-11
2.8517787695557007e-12 6.1526790675759884e-12
3.485849969930948e-12 3.1166784743184963e-11
-1.5001952460708625e-12 3.172901759989942e-11
-1.0513007755695976e-11 1.078124091019987e-11
-1.7888560657748353e-11 -1.3549096516574685e-11
-1.8390798089493303e-11 -2.2935143709431693e-11
-1.1147524367845817e-11 -1.2278472681195596e-11
-2.0023341806272237e-13 7.76292778245655e-12
8.5068540713722e-12 2.050737159124788e-11
1.126372297522878e-11 1.6362081300172656e-11
8.661078448423639e-12 -6.775888320654697e-13
4.4534512926643145e-12 -1.71406502299374e-11
2.2820106708706375e-12 -2.0991486111493676e-11
3.03783678094253e-12 -1.0416308629197197e-11
4.624393877998897e-12 5.707520194701373e-12
4.120150184835217e-12 1.5458725833827614e-11
3.4853008652028734e-13 1.2824998563935758e-11
-5.112429661855267e-12 1.550332519943136e-12
-9.101801399581997e-12 -8.746139993383643e-12
-9.253644557163275e-12 -1.0296213885665504e-11
-5.681805096394994e-12 -2.8863593498212953e-12
-7.208374316664905e-13 6.8180506894729106e-12
2.851559456465405e-12 1.0972422485387575e-11
3.721439337729695e-12 6.611669885005114e-12
2.637917935954956e-12 -2.5810600169558135e-12
1.4506653739638948e-12 -9.55785460973888e-12
1.521219295797716e-12 -9.494177960531194e-12
2.708948812035797e-12 -3.1338765361070113e-12
3.644347479582234e-12 4.280640562866231e-12
2.980099924236708e-12 7.286476185430848e-12
5.640953278673127e-13 4.412685160820487e-12
-2.4152552634583473e-12 -1.3518508081140517e-12
-4.335194842586065e-12 -5.1398530091492665e-12
-4.271612181963267e-12 -4.203983274590915e-12
-2.5757098386861916e-12 3.5711233687373104e-13
-5.066936168362273e-13 4.690341004178709e-12
7.450350799436932e-13 5.444250624434324e-12
8.544649342215815e-13 2.1775931305156795e-12
4.1060522826742337e-13 -2.435639530956801e-12
2.929368469121067e-13 -4.9752591284186965e-12
9.018865487031254e-13 -3.837605342908378e-12
1.8405387047501273e-12 -3.171129572506578e-13
2.3054483836695123e-12 2.7487571405976036e-12
1.7566869465571036e-12 3.1542190041612432e-12
3.6577030996270293e-13 9.92137086128628e-13
-1.1270085810970661e-12 -1.7254726797130478e-12
-1.932582710029019e-12 -2.7447501214659113e-12
-1.788401779713495e-12 -1.3861876350038977e-12
-1.0201291623993357e-12 1.1507527049281341e-12
-2.7488213811919503e-13 2.807668343849553e-12
2.5439256111876066e-14 2.3854283137357465e-12
-8.689065171508377e-14 3.280511505439492e-13
-2.2116342350349322e-13 -1.7407119256500006e-12
-1.5433819490570547e-14 -2.331902694590609e-12
5.333786157249427e-13 -1.2467204005296113e-12
1.1050536302702243e-12 5.28933092637032e-13
1.2721045086688074e-12 1.5455583459063999e-12
8.918248126959996e-13 1.1181659576626986e-12
1.6120390813892834e-13 -1.8702292849104978e-13
-5.057880558044101e-13 -1.2832600288339348e-12
-7.811639531482235e-13 -1.2618142970712926e-12
-6.479933660511668e-13 -2.1443525066117174e-13
-3.5051895979511143e-13 9.97466864781625e-13
-1.5562459843098547e-13 1.4697998317677912e-12
-1.6889295977653885e-13 8.751747131940222e-13
-2.8971490089639114e-13 -2.566645007458158e-13
-2.835660769594004e-13 -1.0442166633229357e-12
-4.983734503015996e-14 -9.577377843434982e-13
3.324327085180134e-13 -1.677749960615862e-13
6.194320926591673e-13 5.746862362966329e-13
6.419491889618093e-13 7.333051898169798e-13
3.9914210453298207e-13 2.3997754549760867e-13
4.6046467955760676e-14 -4.575127043508234e-13
-2.145134715885401e-13 -7.744499084385613e-13
-2.766873757303927e-13 -4.62573851178631e-13
-1.8828332068688652e-13 1.8843856667447448e-13
-9.587172612042202e-14 6.849285940810448e-13
-9.767961437279962e-14 6.646569377232189e-13
-1.848111022674334e-13 1.921736192605839e-13
-2.537590607906908e-13 -3.4627535904506486e-13
-1.864291524434589e-13 -5.182077257151956e-13
-1.378422683020984e-14 -2.8362243376571075e-13
1.9068489689932726e-13 1.3181137197692407e-13
3.1792332250792925e-13 3.969697018233086e-13
2.8916012417403913e-13 2.6217670200304654e-13
1.4830048543937873e-13 -9.705055970409845e-14
8.426297682981733e-15 -3.5136524227985607e-13
-6.128573125783884e-14 -3.469375724857182e-13
-6.083560138308302e-14 -8.376755032168377e-14
-2.6218064036153444e-14 2.2226519896068308e-13
-3.0369161644417666e-14 3.3997932927767845e-13
-7.982211240972516e-14 2.195842740703021e-13
-1.4137550421931807e-13 -4.822457689909375e-14
-1.52921168541245e-13 -2.0115057391835173e-13
-1.0098145033474856e-13 -1.8193304525625415e-13
5.136548586528916e-15 -1.2801551185607232e-14
1.008378922494468e-13 1.451247851267111e-13
1.3722440661105542e-13 1.6593870721608698e-13
1.1248820341897694e-13 2.936855872469521e-14
6.233691784600803e-14 -1.2232255535498352e-13
1.5390190140737558e-14 -1.9114989533222974e-13
3.596320885905923e-15 -1.1220192905975644e-13
1.166976678837885e-14 3.698901537339248e-14
8.62822262483147e-15 1.4367874317591016e-13
-1.7896413200775403e-14 1.3958218010210052e-13
-5.98501504048183e-14 2.1145028809704212e-14
-8.846979065340689e-14 -7.683971088101597e-14
-8.680546048633134e-14 -9.33763146527324e-14
-3.8749179336344385e-14 -3.5573377189963365e-14
1.584032001549261e-14 7.202012683180524e-14
5.056250421002524e-14 1.0937065269289802e-13
4.6248392897609613e-14 3.75312811049429e-14
3.207240304919267e-14 -5.10254494985788e-14
1.4012976144265774e-14 -1.0099677130142862e-13
1.5266087674284827e-14 -7.5212913686364e-14
2.2497640683795267e-14 5.873711744939151e-15
2.555864046619191e-14 5.19292257178296e-14
1.584032001549261e-14 7.202012683180524e-14
-1.2635762147793964e-14 1.0843647270627481e-14
-3.8749179336344385e-14 -3.5573377189963365e-14
-4.513883945289233e-14 -4.855568361942078e-14
-3.1106407689777315e-14 3.192786854558681e-15
-1.4300092314869595e-14 2.7380251042343988e-14
1.435580853019726e-16 3.6808260129542296e-14
4.725329949472326e-15 2.9518910201173923e-14
8.60876700598218e-15 -9.066498599497949e-15
6.800878753604573e-15 -2.9338154957323744e-14
1.8327087456681483e-14 -2.915739971347359e-14
2.0134975709059098e-14 -8.8857433556478e-15
1.555320384488872e-14 -1.5963934272793947e-15
1.499842712253016e-14 3.915807829959452e-15
