0.9592358653212283 -0.7138382351439629
0.9579127286363042 -0.7105304587878555
0.956020183613079 -0.7058387390116257
0.9536088667935902 -0.6999312645115314
0.9507223254877245 -0.6929672007766491
0.9473976706864558 -0.6850966223145133
0.9436661275877819 -0.6764605021587706
0.9395535026326602 -0.6671907487119981
0.9350805819993064 -0.6574102818740388
0.9302634734487035 -0.6472331419987079
0.9251139010548826 -0.6367646264937832
0.9196394605370958 -0.6261014498461043
0.9138438415175462 -0.6153319235489735
0.9077270219644119 -0.6045361528757561
0.9012854392730077 -0.5937862477276473
0.8945121418322098 -0.5831465449303168
0.8873969244759533 -0.572673839405777
0.8799264508979912 -0.562417621640223
0.8720843658870857 -0.5524203188387193
0.8638514000998985 -0.5427175371313994
0.8552054700144822 -0.5333383021964271
0.8461217756855399 -0.5243052957110309
0.8365728989421155 -0.5156350851482111
0.8265289047184545 -0.5073383446145702
0.8159574482787014 -0.499420064682521
0.8048238911745526 -0.49187974951377755
0.7930914288494905 -0.48471160000413815
0.7807212328597816 -0.4779046822035447
0.7676726107052247 -0.47144308087926007
0.7539031862340136 -0.46530603878994137
0.7393691034866098 -0.45946808301705994
0.724025256652575 -0.4538991405457503
0.7078255485108647 -0.44856464618248143
0.6907231792881026 -0.4434256468180764
0.6726709672835917 -0.4384389069602255
0.6536217018620817 -0.4335570213303764
0.6335285285011045 -0.42872854109844244
0.6123453645049274 -0.42389812096086943
0.5900273427808106 -0.4190066946940005
0.5665312797492922 -0.4139916869744359
0.5418161620787484 -0.40878726909291874
0.5158436455612778 -0.40332466564799635
0.4885785581613374 -0.39753251835418935
0.45998939815922085 -0.3913373117206368
0.43004881747054896 -0.3846638635596931
0.39873407973849917 -0.3774358811098016
0.36602748274323965 -0.36957658107380575
0.33191673510799735 -0.3610093691843306
0.2963952782305451 -0.35165857214119556
0.25946254582667144 -0.3414502120724455
0.2211241553968291 -0.3303128112130211
0.18139202824223902 -0.31817821243657
0.14028443725514483 -0.30498239976741265
0.09782598445898821 -0.29066630216649897
0.05404751303320594 -0.27517656381417993
0.008985961175905652 -0.2584662648416914
-0.037315832505194366 -0.2404955779747991
-0.08480936045233176 -0.2212323487724805
-0.13344070142472086 -0.20065258994407686
-0.18315078569643287 -0.17874088344256106
-0.2338756561235132 -0.15549068746896572
-0.28554671153472727 -0.13090454899365028
-0.33809092018122083 -0.104994225743308
-0.3914309931288604 -0.07778072472216717
-0.4454855106716483 -0.04929426724467706
-0.5001689993874886 -0.01957419334003652
-0.5553919638342724 0.011331178300361174
-0.6110608858373767 0.0433647140431139
-0.6670782169372269 0.07646062441007564
-0.7233424073832815 0.11054457714464672
-0.7797480401770461 0.14553369940128147
-0.8361861738714073 0.18133636233267214
-0.8925450467709899 0.21785156682517356
-0.9487113626170826 0.25496761656193034
-1.0045724702325165 0.2925595269405051
-1.0600198761922663 0.3304841842992456
-1.114954703727722 0.3685714512073117
-1.1692959464021349 0.406607796278979
-1.2229926331543177 0.44430564325725647
-1.2760409888689115 0.48124413726092563
-1.3285052462945772 0.5167500288753277
-1.3805243810872154 0.5496543701903014
-1.4322048434005483 0.5778710271878723
-1.4831171923713946 0.5983483098891546
-1.5317996981679776 0.609043733871685
-1.5764988364058683 0.6106045868512887
-1.615795466422553 0.6057432066574554
-1.6488619085603258 0.5981501298927971
-1.6756028168298311 0.5909551564288215
-1.6963921011740197 0.58600595413838
-1.7117721894088496 0.5841146885183109
-1.722311848017129 0.5854271372940666
-1.728559762488659 0.589654139862671
-1.731037169644176 0.5961941724354762
-1.7302451472349192 0.6042048909100535
-1.726674016209754 0.6126729954856968
-1.7208037369193177 0.6205188861858139
-1.713087203335578 0.6267393457314935
-1.7039197643789095 0.6305463348138762
-1.6936091524928523 0.631451209155703
-1.682357203023835 0.6292836162991363
-1.670254023640365 0.6241720443044071
-1.6572798929274128 0.6165170761834565
-1.6433128181371355 0.6069719416929537
-1.628146469543944 0.5964232929627487
-1.6115288823724512 0.5859426159311811
-1.593227442513871 0.576669465992204
-1.5731052955084017 0.5696222463949455
-1.5511886651088873 0.5654868763178765
-1.5277874665912479 0.5643636462882086
-1.5042333919357371 0.5649042026530978
-1.4846209402193387 0.5632371316612405
-1.4705036926294024 0.5590984832619509
-1.4617763843976448 0.5537335014311929
-1.4579090960415835 0.5485526855782873
-1.4582105855532705 0.5447922135906295
-1.4619562284503713 0.5433477864750605
-1.4684833261389805 0.5446988970176752
-1.4772536065513926 0.5488638911659908
-1.487874547663829 0.5552796569327877
-1.5000098164950295 0.5624610526470566
-1.5129016538357762 0.5678158229541194
-1.5249075050296723 0.5697776709990309
-1.5343611722754322 0.5693996751613534
-1.5403420824138285 0.5685581295787269
-1.542661428611139 0.5684178024379322
-1.541547196099409 0.5691910557818131
-1.5374747789885719 0.5703248553686129
-1.531141213071757 0.5707669291574488
-1.52343757801319 0.569461433022014
-1.5153224360552482 0.5660862865081471
-1.5076998360810712 0.5616806096222882
-1.5013250572677608 0.5582509576693218
-1.496722697602062 0.5569551036639471
-1.4942660257290201 0.5576112270951576
-1.494193530304588 0.5592777011686908
-1.4965056322467984 0.5608834168693025
-1.5008645557259328 0.5617712765103111
-1.5065356117285489 0.5620147055672299
-1.5124067901452285 0.5623485874121046
-1.5173422163495556 0.5634639077308393
-1.520669573506805 0.5652583476327906
-1.522249087090419 0.566932886854029
-1.5222627667640884 0.5676276376100704
-1.5209771484053436 0.5669917671002557
-1.5186284132071355 0.5653632822462907
-1.515464519383645 0.5635662034283685
-1.511865052524666 0.5623799148032085
-1.5083895682643866 0.5620189658645152
-1.505664342519098 0.5621007225027534
-1.5041595926280855 0.5620931639351738
-1.5040321659744207 0.5617828143225476
-1.5051211922752048 0.5613937469426616
-1.5070423920465736 0.561369788441643
-1.5093370185569348 0.5619965909023766
-1.5116117470843025 0.5631354151565698
-1.5135947449379692 0.5642853647856018
-1.5151056104212461 0.5649388014980237
-1.516002127875781 0.5649246251923772
-1.5161716318087246 0.5644649220098096
-1.5155807341433083 0.563956881201729
-1.5143364923770843 0.5636717457559105
-1.5126985349766982 0.5635924071063305
-1.5110164598318978 0.5634922256766683
-1.5096150702232158 0.563174820088894
-1.5086963369101387 0.5626659473397518
-1.5083144074413117 0.5622026593031023
-1.5084177646330341 0.562049720343101
-1.5089128060040164 0.5623013637710493
-1.5097018439124394 0.5628173483565247
-1.5106800967024747 0.5633285519474824
-1.5117142431471704 0.5636251005235834
-1.5126389447638424 0.5636812547985294
-1.5132894412075466 0.5636295411490335
-1.5135556511202026 0.5636226433631898
-1.5134223099246225 0.5637038115592838
-1.5129687394810625 0.563784554326583
-1.5123298352141024 0.5637338736835203
-1.5116432060835505 0.5634983837445623
-1.5110130640195967 0.5631554025627729
-1.510505035012741 0.5628610834911146
-1.5101616787288965 0.5627404592916403
-1.5100161472276803 0.5628075928777322
-1.5100886619257943 0.5629721891880932
-1.5103692456092421 0.5631180056381236
-1.5108041395336835 0.5631871655195922
-1.5113016958369514 0.5632073797453422
-1.5117590083743957 0.5632489506094077
-1.5120950826154265 0.5633533987775284
-1.5122715792275963 0.5634933773293964
-1.5122917135864975 0.5635930496766881
-1.5121831504276382 0.5635879964137422
-1.5119796340712137 0.5634748423712799
-1.5117131402326378 0.5633130289925181
-1.5114172889790305 0.5631809523406539
-1.5111330900238709 0.5631230607470766
-1.5109071109192567 0.56312787255276
-1.5107796821600241 0.5631493390001078
-1.5107699867005906 0.5631498961201497
-1.5108682875966308 0.5631296778349762
-1.511040797671191 0.5631210825986628
-1.5112440708662878 0.5631568476919074
-1.5114399688811377 0.5632394949088726
-1.5116032102433157 0.5633363902681585
-1.5117199114891462 0.5634026580209843
-1.5117820001902817 0.5634124594090665
-1.5117840768595392 0.563374379687455
-1.5117255991823888 0.5633209380046259
-1.5116157385874402 0.5632827103522101
-1.5114755009074425 0.5632680026367782
-1.5113336781735802 0.5632624852213219
-1.5112179924434406 0.5632464008731658
-1.5111464592739037 0.5632137779330957
-1.5111237779202245 0.563178236942854
-1.5111439040038135 0.5631619858634653
-1.5111959039173952 0.5631780186660833
-1.5112687286464266 0.5632199354135659
-1.5113524177131967 0.5632667063613971
-1.5114366114152806 0.563297658182413
-1.5115093466230436 0.5633056454387719
-1.5115584662551644 0.5632989164488349
-1.5115754000983823 0.563291684877275
-1.5115588082221396 0.5632919276833207
-1.5115154089179372 0.5632960536992638
-1.5114572490143456 0.5632937252251553
-1.511397094106481 0.5632779085712006
-1.5113446665023318 0.5632516570132292
-1.5113054905334515 0.5632264680851865
-1.5112820518278087 0.5632140556605647
-1.51127548458802 0.5632183018580008
-1.511286102375541 0.5632334305698626
-1.5113124882798856 0.5632491783841326
-1.5113503025943171 0.5632583979109863
-1.5113922974301661 0.5632611901177536
-1.5114300783631893 0.5632629420970897
-1.5114567694178727 0.5632685734582629
-1.511469031387351 0.5632779378267772
-1.5114673538787589 0.5632858972905604
-1.5114547474514988 0.5632865964286093
-1.5114349459073448 0.5632782308070863
-1.5114112951526744 0.5632645405411135
-1.5113867226889814 0.5632521032056291
-1.5113642501610005 0.5632457889937658
-1.51134716086688 0.5632459139894525
-1.511338365418677 0.5632489963194128
-1.51133929485496 0.5632511086736431
-1.5113491298546957 0.5632509779741767
-1.5113649854941764 0.5632505039901406
-1.5113830022210955 0.5632526116506974
-1.511399688147953 0.5632584238730806
-1.5114127635119077 0.5632660723808532
-1.5114211963436468 0.5632719740987412
-1.5114247083736447 0.5632734142446735
-1.5114233187866273 0.5632703677546237
-1.5114173065489176 0.5632652514366231
-1.511407517165162 0.5632609860004809
-1.5113956061905247 0.563258980518039
-1.5113838527652372 0.5632585362085848
-1.511374527653807 0.5632579264760877
-1.511369160829572 0.5632561069244881
-1.5113681406125334 0.5632536444417361
-1.5113708410480613 0.5632522106893557
-1.5113761177177598 0.5632531684356955
-1.5113828083507104 0.56325643809561
-1.511389955026346 0.5632605123067214
-1.5113967335435143 0.563263529002787
-1.5114023059592794 0.5632645138666533
-1.5114058333677935 0.5632638577170352
-1.511406707116245 0.5632627639436942
-1.511404841390391 0.5632622036651654
-1.5114007943178092 0.5632622265443856
-1.511395599601989 0.5632621069691802
-1.511390394910608 0.5632611098163193
-1.5113860650353812 0.5632592031895409
-1.511383084546265 0.563257153320655
-1.511381586816674 0.5632559698582944
-1.5113815337382814 0.5632561766597779
-1.5113828247507477 0.5632574773961084
-1.5113852756086497 0.5632590345696258
-1.5113885290395859 0.563260096473027
-1.5113920228460953 0.5632604719166163
-1.511395092442921 0.5632605213096327
-1.5113971723803816 0.5632607353587104
-1.5113979787785214 0.5632612781008033
-1.5113975644970779 0.5632618559104985
-1.5113962276354143 0.5632619829940189
-1.5113943490826998 0.5632613980158089
-1.5113922658025574 0.563260290904896
-1.511390238170869 0.5632591752851259
-1.5113884879970694 0.5632585284875823
-1.5113872346418633 0.5632584874696763
-1.5113866732764714 0.5632588196056255
-1.5113869007352236 0.563259158375742
-1.511387846980866 0.563259295992171
-1.511389272428435 0.5632593057401136
-1.5113908447517006 0.5632594226235917
-1.5113922526208776 0.5632598046958517
-1.5113932914790593 0.5632603769885793
-1.5113938818465205 0.5632608758482407
-1.5113940303580828 0.5632610446890667
-1.511393778557376 0.5632608189353524
-1.5113931806867498 0.563260359955666
-1.5113923174860167 0.5632599251063098
-1.511391318731803 0.5632596859803148
-1.511390359893178 0.5632596344138205
-1.5113896210471627 0.5632596345527324
-1.511389228443646 0.563259562310679
-1.5113892146049324 0.5632594137593236
-1.511389520541938 0.5632593011683353
-1.5113900347940161 0.5632593511354018
-1.5113906413959648 0.5632595941579728
-1.5113912484979672 0.56325993365544
-1.5113917888495927 0.5632602133839388
-1.5113922057054583 0.5632603249859881
-1.511392445733429 0.5632602720263182
-1.5113924699457664 0.563260147658789
-1.5113922750666218 0.5632600523849715
-1.5113919067800694 0.5632600204940494
-1.511391451183306 0.563260009363873
-1.511391006618528 0.5632599516591222
-1.5113906518908033 0.563259822056813
-1.5113904283397406 0.563259663934655
-1.511390342268174 0.5632595579439896
-1.5113903801510853 0.563259561277363
-1.5113905225290372 0.5632596666964869
-1.5113907473415513 0.563259811053042
-1.511391024457929 0.5632599227594332
-1.5113913110168782 0.5632599692857078
-1.5113915560671196 0.5632599697624306
-1.5113917146745837 0.5632599678589393
-1.5113917633578724 0.5632599906887761
-1.5113917070139873 0.5632600271842849
-1.511391573318225 0.5632600406640403
-1.511391398995318 0.5632600022325422
-1.5113912169000723 0.5632599166941937
-1.5113910505857073 0.5632598210106176
-1.5113909164527217 0.5632597582832808
-1.5113908281051922 0.5632597487707588
-1.5113907971590146 0.5632597797872096
-1.5113908290702918 0.563259819990695
-1.5113909176165201 0.5632598446728385
-1.511391043339377 0.563259851869423
-1.5113911784561418 0.5632598583698377
-1.5113912959658293 0.563259881296011
-1.5113913777413486 0.5632599214099333
-1.5113914174012808 0.5632599612864124
-1.5113914176133347 0.5632599786408413
-1.511391385070578 0.5632599632751613
-1.5113913271061656 0.5632599242817832
-1.5113912516203465 0.5632598827529436
-1.511391168830732 0.5632598566779319
-1.511391091883634 0.5632598499554451
-1.5113910345507608 0.5632598531121207
-1.5113910068803718 0.5632598536693255
-1.5113910115470226 0.5632598470364049
-1.511391043314131 0.5632598394543947
-1.5113910918792877 0.5632598415810894
-1.511391146161609 0.563259858725641
-1.5113911974564007 0.5632598857821943
-1.5113912401227747 0.5632599105445878
-1.511391270446024 0.5632599222900766
-1.5113912854658833 0.5632599187473043
-1.5113912831297045 0.5632599064090751
-1.5113912636576219 0.5632598946550751
-1.511391230779489 0.5632598887510614
-1.511391191482432 0.5632598870720045
-1.5113911540220504 0.5632598840837972
-1.511391125249384 0.5632598760428768
-1.5113911087749088 0.5632598646119372
-1.5113911048356476 0.5632598557038138
-1.511391111535825 0.5632598548410311
-1.5113911263285693 0.5632598629171973
-1.5113911467356773 0.563259875607484
-1.511391170142431 0.5632598866031211
-1.5113911933212778 0.5632598919276885
-1.5113912125011608 0.5632598920453903
-1.5113912242530627 0.5632598904766192
-1.5113912267098522 0.5632598904084198
-1.5113912202971955 0.5632598921348804
-1.5113912074661733 0.5632598932033203
-1.511391191604583 0.5632598908475338
-1.5113911758187704 0.5632598845538874
-1.5113911622559844 0.5632598767050998
-1.5113911521526815 0.5632598709218412
-1.5113911462598002 0.5632598695331529
-1.511391145115201 0.5632598721509142
-1.5113911488946539 0.5632598763072585
-1.5113911570159202 0.5632598794661383
-1.5113911679235303 0.5632598807608837
-1.5113911793587922 0.5632598812005866
-1.5113911890455238 0.5632598823933801
-1.5113911954070565 0.5632598849636423
-1.5113911979130001 0.5632598879476591
-1.5113911969260438 0.5632598895604132
-1.5113911932528317 0.5632598886201384
-1.5113911877476953 0.563259885467848
-1.5113911811913303 0.5632598817071277
-1.511391174399415 0.5632598790498431
-1.511391168330763 0.5632598782050083
-1.5113911639946718 0.5632598786232134
-1.511391162155039 0.5632598791800068
-1.5113911630208234 0.5632598791651487
-1.5113911661454011 0.5632598787857223
-1.5113911706150276 0.563259878853608
-1.5113911754094245 0.5632598799940141
-1.5113911797176618 0.5632598820503097
-1.5113911830547222 0.5632598841444773
-1.5113911851850166 0.5632598853028785
-1.511391185988131 0.5632598851283434
-1.5113911854075963 0.5632598840088731
-1.5113911835182177 0.5632598827509239
-1.5113911806276294 0.5632598819694453
-1.5113911772901862 0.5632598817141228
-1.5113911741790678 0.5632598815793086
-1.5113911718741098 0.5632598811496253
-1.5113911706880152 0.5632598803929962
-1.5113911706251744 0.5632598796956771
-1.511391171473731 0.5632598795432662
-1.5113911729477991 0.5632598801273725
-1.5113911747830342 0.5632598811912017
-1.511391176746215 0.5632598822166182
-1.5113911785955965 0.5632598827855081
-1.5113911800630235 0.5632598828316834
-1.511391180899724 0.5632598826101797
-1.511391180965292 0.5632598824416618
-1.5113911802965867 0.5632598824526031
-1.5113911791029495 0.5632598825096502
-1.5113911776855136 0.5632598823752015
-1.5113911763294017 0.5632598819371836
-1.5113911752301037 0.5632598813229722
-1.5113911744837047 0.5632598808152542
-1.5113911741230086 0.5632598806485897
-1.5113911741550055 0.5632598808507631
-1.511391174566519 0.5632598812445974
-1.511391175300374 0.5632598815937883
-1.511391176233266 0.5632598817696141
-1.5113911771864106 0.5632598818129478
-1.511391177973533 0.5632598818591437
-1.5113911784607525 0.5632598820012628
-1.5113911786031689 0.563259882205827
-1.5113911784395877 0.5632598823423357
-1.5113911780553786 0.5632598822930871
-1.5113911775417639 0.5632598820502994
-1.5113911769756814 0.5632598817253863
-1.5113911764236945 0.5632598814692614
-1.511391175953944 0.5632598813705294
-1.5113911756365697 0.5632598814089345
-1.511391175526181 0.563259881492097
-1.5113911756375993 0.5632598815379642
-1.5113911759336671 0.5632598815351875
-1.5113911763360766 0.5632598815382402
-1.5113911767539534 0.5632598816090563
-1.511391177113305 0.5632598817571159
-1.5113911773717015 0.5632598819259728
-1.5113911775145532 0.5632598820336291
-1.5113911775420688 0.5632598820317319
-1.5113911774599564 0.5632598819370263
-1.5113911772804225 0.5632598818137172
-1.511391177029397 0.5632598817244994
-1.5113911767500425 0.5632598816897765
-1.5113911764956514 0.5632598816841541
-1.5113911763138588 0.5632598816678572
-1.5113911762312553 0.5632598816244423
-1.5113911762475118 0.5632598815745691
-1.511391176341461 0.5632598815573754
-1.5113911764837205 0.5632598815970702
-1.5113911766473027 0.5632598816822862
-1.5113911768109618 0.5632598817734752
-1.5113911769565214 0.5632598818307591
-1.5113911770658013 0.5632598818397279
-1.5113911771219484 0.5632598818163346
-1.5113911771152497 0.5632598817896732
-1.5113911770490462 0.5632598817781729
-1.5113911769407207 0.5632598817779442
-1.5113911768161807 0.5632598817706042
-1.5113911767008523 0.5632598817421167
-1.5113911766123702 0.5632598816965434
-1.5113911765584722 0.5632598816541481
-1.511391176539695 0.5632598816364436
-1.5113911765534467 0.5632598816506774
-1.5113911765960044 0.5632598816856277
-1.51139117666157 0.5632598817209241
-1.5113911767403652 0.5632598817416846
-1.511391176818598 0.5632598817470994
-1.5113911768815003 0.5632598817473888
-1.5113911769180324 0.5632598817529726
-1.5113911769244002 0.5632598817651793
-1.5113911769043056 0.5632598817755895
-1.5113911768661004 0.5632598817736626
-1.5113911768189503 0.5632598817558745
-1.5113911767703485 0.5632598817290253
-1.5113911767258728 0.56325988170552
-1.5113911766902532 0.563259881694781
-1.5113911766680235 0.563259881697529
-1.511391176662746 0.5632598817068637
-1.5113911766752854 0.5632598817145624
-1.5113911767025825 0.563259881717267
-1.51139117673812 0.5632598817179211
-1.5113911767740498 0.5632598817219742
-1.511391176803776 0.5632598817319483
-1.5113911768235595 0.563259881744857
-1.5113911768325015 0.5632598817543019
-1.511391176831411 0.563259881755273
-1.5113911768216661 0.5632598817477438
-1.5113911768048767 0.5632598817364133
-1.5113911767832933 0.5632598817271127
-1.5113911767602297 0.5632598817228587
-1.5113911767397767 0.5632598817224979
-1.5113911767257187 0.5632598817226114
-1.5113911767202546 0.5632598817208094
-1.5113911767233315 0.5632598817177011
-1.511391176732978 0.563259881716148
-1.5113911767463521 0.5632598817186631
-1.5113911767608026 0.5632598817251812
-1.5113911767743708 0.5632598817329366
-1.5113911767856705 0.5632598817384087
-1.511391176793541 0.5632598817397062
-1.5113911767969554 0.5632598817375789
-1.511391176795332 0.5632598817344487
-1.511391176788997 0.5632598817324067
-1.511391176779364 0.5632598817317943
-1.5113911767685968 0.56325988173136
-1.5113911767588992 0.5632598817296668
-1.5113911767518375 0.5632598817264992
-1.5113911767480555 0.5632598817231478
-1.5113911767474446 0.5632598817214336
-1.511391176749535 0.5632598817223278
-1.5113911767537809 0.5632598817252624
-1.511391176759587 0.5632598817286051
-1.5113911767661696 0.5632598817308442
-1.511391176772491 0.5632598817315377
-1.5113911767774204 0.5632598817313581
-1.5113911767800792 0.5632598817313145
-1.511391176780154 0.5632598817318523
-1.5113911767779749 0.5632598817325384
-1.5113911767743147 0.5632598817325141
-1.5113911767700519 0.5632598817312793
-1.5113911767659032 0.5632598817291578
-1.5113911767623485 0.5632598817270972
-1.5113911767597101 0.5632598817260022
-1.5113911767582497 0.5632598817261396
-1.5113911767581645 0.5632598817270524
-1.5113911767594808 0.5632598817279928
-1.5113911767619457 0.5632598817284932
-1.5113911767650303 0.5632598817286341
-1.5113911767680765 0.5632598817288459
-1.511391176770511 0.5632598817294592
-1.5113911767720052 0.563259881730384
-1.5113911767725021 0.5632598817311644
-1.511391176772127 0.5632598817313331
-1.51139117677107 0.5632598817307697
-1.5113911767695203 0.5632598817297827
-1.5113911767676795 0.5632598817288754
-1.5113911767658004 0.5632598817283964
-1.5113911767641863 0.5632598817283452
-1.5113911767631265 0.5632598817284563
-1.511391176762796 0.5632598817284633
-1.5113911767631896 0.5632598817283183
-1.5113911767641321 0.5632598817282041
-1.5113911767653616 0.5632598817283513
-1.5113911767666262 0.5632598817288257
-1.5113911767677448 0.5632598817294566
-1.5113911767686095 0.5632598817299544
-1.511391176769152 0.5632598817301134
-1.511391176769321 0.5632598817299402
-1.5113911767690926 0.5632598817296199
-1.5113911767685007 0.5632598817293609
-1.5113911767676584 0.5632598817292481
-1.511391176766742 0.5632598817292127
-1.511391176765937 0.563259881729125
-1.5113911767653794 0.5632598817289238
-1.5113911767651242 0.5632598817286755
-1.5113911767651524 0.5632598817285225
-1.5113911767654054 0.5632598817285699
-1.5113911767658175 0.5632598817288041
-1.5113911767663277 0.5632598817291044
-1.5113911767668724 0.5632598817293301
-1.5113911767673749 0.563259881729414
-1.5113911767677521 0.5632598817293906
-1.5113911767679373 0.5632598817293482
-1.5113911767679056 0.5632598817293488
-1.511391176767685 0.5632598817293828
-1.5113911767673445 0.5632598817293868
-1.5113911767669648 0.5632598817293062
-1.511391176766613 0.5632598817291463
-1.5113911767663313 0.5632598817289736
-1.5113911767661414 0.5632598817288683
-1.5113911767660553 0.563259881728869
-1.51139117676608 0.5632598817289505
-1.5113911767662125 0.5632598817290502
-1.5113911767664314 0.5632598817291158
-1.511391176766695 0.5632598817291388
-1.5113911767669492 0.5632598817291492
-1.511391176767146 0.5632598817291817
-1.5113911767672568 0.5632598817292424
-1.5113911767672776 0.5632598817293026
-1.511391176767223 0.5632598817293225
-1.5113911767671147 0.5632598817292829
-1.5113911767669734 0.5632598817292008
-1.5113911767668176 0.5632598817291169
-1.5113911767666663 0.5632598817290665
-1.5113911767665418 0.5632598817290584
-1.5113911767664647 0.563259881729074
-1.5113911767664483 0.5632598817290874
-1.5113911767664918 0.5632598817290866
-1.5113911767665806 0.5632598817290806
-1.5113911767666914 0.5632598817290886
-1.511391176766801 0.5632598817291211
-1.5113911767668926 0.56325988172917
-1.5113911767669577 0.563259881729213
-1.5113911767669925 0.5632598817292304
-1.5113911767669963 0.5632598817292177
-1.5113911767669692 0.5632598817291877
-1.5113911767669148 0.5632598817291595
-1.5113911767668424 0.5632598817291442
-1.5113911767667656 0.56325988172914
-1.5113911767666997 0.5632598817291364
-1.5113911767666564 0.5632598817291254
-1.5113911767666401 0.5632598817291087
-1.5113911767666488 0.5632598817290962
-1.5113911767666761 0.5632598817290981
-1.5113911767667152 0.5632598817291158
-1.5113911767667598 0.5632598817291413
-1.5113911767668047 0.5632598817291627
-1.511391176766844 0.5632598817291723
-1.511391176766872 0.5632598817291706
-1.511391176766884 0.5632598817291644
-1.5113911767668782 0.5632598817291605
-1.5113911767668569 0.5632598817291606
-1.511391176766826 0.5632598817291609
-1.5113911767667927 0.5632598817291559
-1.511391176766763 0.5632598817291445
-1.5113911767667407 0.563259881729131
-1.5113911767667276 0.5632598817291216
-1.5113911767667236 0.5632598817291206
-1.5113911767667285 0.5632598817291271
-1.5113911767667416 0.5632598817291365
-1.511391176766761 0.5632598817291438
-1.5113911767667831 0.563259881729147
-1.5113911767668038 0.563259881729148
-1.5113911767668193 0.5632598817291495
-1.5113911767668273 0.5632598817291529
-1.5113911767668275 0.5632598817291568
-1.511391176766821 0.5632598817291585
-1.5113911767668105 0.563259881729156
-1.5113911767667976 0.5632598817291496
-1.5113911767667845 0.5632598817291425
-1.5113911767667725 0.5632598817291377
-1.5113911767667632 0.5632598817291363
-1.5113911767667578 0.5632598817291377
-1.5113911767667576 0.5632598817291395
-1.511391176766762 0.5632598817291407
-1.51139117676677 0.5632598817291409
-1.5113911767667798 0.5632598817291413
-1.5113911767667891 0.5632598817291433
-1.5113911767667967 0.5632598817291468
-1.5113911767668016 0.5632598817291503
-1.5113911767668036 0.5632598817291522
-1.511391176766803 0.5632598817291515
-1.5113911767668 0.5632598817291489
-1.5113911767667951 0.563259881729146
-1.5113911767667891 0.5632598817291442
-1.511391176766783 0.5632598817291435
-1.5113911767667776 0.5632598817291435
-1.5113911767667743 0.5632598817291431
-1.5113911767667731 0.5632598817291422
-1.5113911767667743 0.5632598817291414
-1.511391176766777 0.5632598817291414
-1.5113911767667805 0.5632598817291425
-1.5113911767667843 0.5632598817291444
-1.5113911767667878 0.5632598817291461
-1.511391176766791 0.5632598817291471
-1.511391176766793 0.5632598817291471
-1.5113911767667936 0.5632598817291466
-1.511391176766793 0.5632598817291462
-1.5113911767667911 0.563259881729146
-1.5113911767667885 0.563259881729146
-1.5113911767667856 0.5632598817291457
-1.5113911767667831 0.5632598817291449
-1.5113911767667814 0.5632598817291438
-1.5113911767667805 0.5632598817291428
-1.5113911767667805 0.5632598817291424
-1.511391176766781 0.5632598817291432
-1.511391176766782 0.5632598817291442
-1.5113911767667836 0.563259881729145
-1.5113911767667856 0.5632598817291452
-1.5113911767667874 0.5632598817291451
-1.5113911767667887 0.5632598817291451
-1.5113911767667894 0.5632598817291454
-1.5113911767667891 0.5632598817291459
-1.5113911767667885 0.563259881729146
-1.5113911767667874 0.5632598817291459
-1.5113911767667862 0.5632598817291452
-1.5113911767667851 0.5632598817291444
-1.5113911767667843 0.563259881729144
-1.5113911767667836 0.563259881729144
-1.5113911767667831 0.5632598817291442
-1.5113911767667831 0.5632598817291443
-1.5113911767667836 0.5632598817291444
-1.5113911767667843 0.5632598817291443
-1.5113911767667851 0.5632598817291443
-1.5113911767667858 0.5632598817291447
-1.5113911767667865 0.5632598817291452
-1.511391176766787 0.5632598817291455
-1.5113911767667871 0.5632598817291455
-1.5113911767667871 0.5632598817291453
-1.511391176766787 0.5632598817291451
-1.5113911767667865 0.5632598817291449
-1.5113911767667858 0.5632598817291449
