-0.20615567629294262 -0.6665089464945267
-0.24867699592979622 -0.6239966550244405
-0.29826606636461106 -0.5744359145283682
-0.3528684632134589 -0.5198886554250257
-0.4111594912629164 -0.46168164116978433
-0.47220352737893867 -0.40074560581392615
-0.5353001756575277 -0.3377682857684998
-0.5999015770591375 -0.27327663068730484
-0.665562852695876 -0.2076859163575166
-0.7319100826121832 -0.14133113798811053
-0.7986184196520848 -0.07448797084977556
-0.865396524004977 -0.007387176145226354
-0.9319753960704255 0.059775245404920574
-0.9981009680083494 0.12683055548806074
-1.0635309987622512 0.19363096683194372
-1.1280382501238737 0.2600425103155907
-1.1914240183907086 0.3259332025665755
-1.2535498034089778 0.3911468647549488
-1.3144030902273314 0.45543159231416175
-1.3742320795370024 0.5181845222857285
-1.4337486144365745 0.5770837009844858
-1.4929989787536566 0.6224113841902312
-1.54951772933793 0.6503747687453587
-1.601804317133782 0.6641303218929607
-1.6491554807046043 0.6668997014422597
-1.6911350957580327 0.6614914406030518
-1.7273581399916522 0.6505348615298777
-1.7574784696561216 0.6366828939811092
-1.7813273738991606 0.6225551698257389
-1.799034462389134 0.6103647632222067
-1.8109852972594318 0.6015735430114434
-1.8176949663347564 0.5968566693401802
-1.8197115663971568 0.5962675364811826
-1.817570934948102 0.599421419754268
-1.8117853128742987 0.6056236797744795
-1.8028499739351296 0.6139416606767341
-1.791256666854424 0.6232500862771442
-1.777501834394937 0.6322962837946722
-1.7620757534371647 0.639827405097936
-1.7454274819500841 0.6447699941585778
-1.7279194904271344 0.6463847129626376
-1.7097929165997774 0.6443267965936978
-1.6911510784502946 0.6386185169748929
-1.6719548749594997 0.6295875552809117
-1.652021970840525 0.6178193804926662
-1.6310295530340762 0.6041492360141101
-1.608535575784606 0.589699264808243
-1.5840551364613724 0.57593301354461
-1.5572380648913124 0.5646279983291193
-1.5281749720267028 0.5576205271433842
-1.4982110821602077 0.5561278824440595
-1.4730752140082082 0.5573140256520533
-1.455857976297986 0.557494092398225
-1.4462891277386583 0.5560071250946559
-1.4435604133367832 0.5531412065399657
-1.44675143759134 0.5495998670411882
-1.4548667531650459 0.5463881656903453
-1.4667830138004634 0.5447614267648202
-1.4811921864808908 0.5460480021910075
-1.4966241078135547 0.5512293927627505
-1.511527294272795 0.5602679551434471
-1.5243295636623004 0.5704501922502903
-1.5344089468039663 0.5770306532227983
-1.541717437716459 0.5789773764331833
-1.5460146382293762 0.5771253442808773
-1.546903488505425 0.5730766305906569
-1.5440832678587595 0.5687312394694319
-1.5376151800161606 0.5656698671574829
-1.5280106599694017 0.5646032929308477
-1.516400258401579 0.5650234074823791
-1.5051099617313284 0.5649672394640108
-1.4966993295749789 0.562911530718131
-1.4921236810419924 0.559399334629113
-1.491173070880647 0.5560283496354781
-1.4930634899320268 0.5544234149469981
-1.496922084639724 0.5554548617219012
-1.5020715867326155 0.5589287117690536
-1.5080228507593405 0.5634699641210745
-1.514214046794189 0.5669086230371324
-1.5198163878401256 0.5680056487389539
-1.5238762224034719 0.5671812788011191
-1.5256076375616168 0.5657583755164376
-1.5247175013769787 0.5649009958190854
-1.5214831303428062 0.5649538429213913
-1.5167019723256954 0.5653689418357986
-1.5115767701891516 0.5651276609189951
-1.5072678285972494 0.5636742860557755
-1.5044267209684923 0.5614730827293376
-1.5031473498227086 0.559646532149233
-1.5032117259149775 0.5591407929991399
-1.5043750143940124 0.5601465687513788
-1.5064627881223391 0.5620604299748811
-1.509270559824329 0.5638515643811532
-1.512407641690533 0.5647407138592577
-1.51527301821999 0.5646869651440719
-1.5172202585612542 0.5642607218339221
-1.517828379464571 0.5640825741458747
-1.5170698810827754 0.5643364157355883
-1.515290142861118 0.564697580091085
-1.5130538600445433 0.5646396807995228
-1.5109107830237996 0.563898554623558
-1.5092153031899944 0.5627198538987013
-1.508101789375998 0.5616956332469121
-1.5075811403346262 0.5613369784089226
-1.5076484816071405 0.5617388601848989
-1.5083058744134672 0.5625657227818851
-1.5094965000099414 0.5633142535435098
-1.5110275902250663 0.5636609907976422
-1.5125686193731187 0.5636411409895581
-1.5137500573528322 0.5635420506573672
-1.5143115973095098 0.5636219149448533
-1.5141998082114143 0.5638942698929803
-1.5135591400027124 0.5641358017238678
-1.5126374177865929 0.5640842449872717
-1.5116693148117495 0.5636613437518605
-1.510808015409718 0.563046027459331
-1.5101306386875322 0.5625497162362887
-1.5096858826988184 0.5623986127989452
-1.5095279866423974 0.5625937722534657
-1.5097033984870967 0.5629420080021376
-1.5102035340046598 0.5632148199122803
-1.5109288234336966 0.5633080763873645
-1.5117015720704832 0.563286986462799
-1.5123284602078217 0.5632973566550019
-1.51267652720132 0.5634262268562553
-1.5127154216191783 0.5636264409403714
-1.5125050026875468 0.5637579013458103
-1.5121452698897149 0.5637032905982209
-1.5117262303849706 0.5634629832376107
-1.5113076955727713 0.5631573558197686
-1.5109311407258028 0.5629405591435236
-1.5106411169551286 0.5628961175450732
-1.5104901998971452 0.5629927140938671
-1.5105194513874893 0.563125586134034
-1.5107295044459284 0.5632030839944439
-1.5110668201423778 0.5632093423645205
-1.5114388404499912 0.5631996459376131
-1.511750742885911 0.563240461343373
-1.5119413536206452 0.5633470170994956
-1.511997465714014 0.5634680819302724
-1.5119423278165023 0.5635262636332582
-1.5118114711638022 0.5634784116937669
-1.5116346256445783 0.5633480490457323
-1.5114337257977062 0.5632070116409827
-1.5112323220228376 0.5631237664750405
-1.5110629965705553 0.5631193927769178
-1.5109626653429593 0.5631625760869277
-1.5109571290322032 0.5632025421125899
-1.511046073699735 0.5632106682445329
-1.5112001732425682 0.5631983639064676
-1.5113732554600925 0.563200525175275
-1.5115219225072702 0.563241426249859
-1.5116205196893358 0.5633118357721427
-1.5116638094860069 0.5633747584062413
-1.5116590242268193 0.5633934061077225
-1.5116157180446987 0.5633582607861991
-1.5115413689498867 0.5632926185371314
-1.5114443135406719 0.5632341048312318
-1.511338979480718 0.5632080121451798
-1.5112467157838454 0.5632129232755528
-1.5111896399165716 0.5632277143411285
-1.5111810500705019 0.5632319243163751
-1.5112190558560217 0.5632222648371902
-1.511287888496207 0.5632129611972295
-1.5113658881583603 0.5632214653313765
-1.5114347802378867 0.5632523434663476
-1.5114846971921674 0.5632924055650151
-1.5115131779612654 0.5633202375251355
-1.5115208441689676 0.5633218157382575
-1.5115081951482634 0.5632998383985777
-1.5114760263776494 0.5632702459300925
-1.5114283340355874 0.5632497165356232
-1.5113742984889713 0.5632443689306726
-1.511326730661226 0.563247907565615
-1.5112973405170838 0.5632493626323124
-1.5112918184441249 0.5632432252075561
-1.5113079472334847 0.563233741499319
-1.5113377573268123 0.5632305746692697
-1.5113719497866036 0.5632401110085165
-1.5114035687308638 0.5632597412415637
-1.5114289665566984 0.5632794958023627
-1.511446410089391 0.5632893059428955
-1.5114543323189973 0.5632859325356872
-1.5114510617878485 0.5632743611792284
-1.5114362282163027 0.5632631604279115
-1.5114124186927027 0.5632579375577463
-1.5113853585630124 0.5632580283105698
-1.5113620609071123 0.5632585061571258
-1.5113479958181133 0.5632552563430886
-1.5113450775416741 0.563248724023185
-1.5113516289187683 0.5632434539701097
-1.5113640484944844 0.5632441563008953
-1.5113788231992413 0.5632517290729284
-1.5113935666368314 0.563262422809043
-1.5114067550057508 0.5632706088440745
-1.5114169021850368 0.5632727675864694
-1.5114222248776574 0.5632695753589909
-1.5114212477980817 0.5632647183096997
-1.5114138718462635 0.5632617036129327
-1.511401961221833 0.5632613331597333
-1.5113888478072945 0.563261691580631
-1.511377978657329 0.5632603325668453
-1.5113715612623297 0.5632566532159895
-1.5113700165230188 0.5632525048298145
-1.5113724186128432 0.5632506822004179
-1.5113774150340007 0.5632526609107503
-1.5113838996614712 0.5632574409008494
-1.511391064301761 0.563262334271486
-1.5113980337579704 0.5632649462521548
-1.5114036118261045 0.5632647394021951
-1.511406503578292 0.5632630469148472
-1.5114059148496912 0.5632617122690254
-1.5114020703492277 0.5632615728874093
-1.5113962252461999 0.5632619875636292
-1.5113901218920016 0.5632616511251277
-1.5113852447500549 0.5632598909805702
-1.5113823395243193 0.5632573351886134
-1.5113814251406368 0.56325544920762
-1.511382154623716 0.563255390406508
-1.5113841704521473 0.5632571392687572
-1.5113871912758097 0.5632595709498008
-1.5113908487803613 0.5632613376879253
-1.5113945174562 0.5632618133118695
-1.5113973707980453 0.5632613771410147
-1.511398684976268 0.5632609035375186
-1.5113981867896986 0.5632609566501756
-1.5113961918228604 0.5632613640948664
-1.5113934324933698 0.5632614668597198
-1.5113906998422684 0.5632607687905238
-1.5113885384660664 0.5632594130279152
-1.5113871624679291 0.5632581035805453
-1.5113865762441847 0.5632575696940919
-1.5113867414285036 0.5632580297298705
-1.5113876349450523 0.5632590749571029
-1.5113891705974256 0.5632600271488692
-1.5113910896809255 0.5632604486278903
-1.511392954598283 0.5632603975321975
-1.5113942888154568 0.5632602645458257
-1.5113947804277523 0.5632603747935504
-1.5113944108810218 0.5632607039195143
-1.5113934259163584 0.5632609272713275
-1.511392181435675 0.5632607288008149
-1.5113909782754946 0.5632600915738643
-1.5113899879067807 0.5632593304358712
-1.5113892856963689 0.5632588555970689
-1.5113889247095638 0.5632588731476137
-1.511388966393642 0.5632592617802704
-1.5113894394304885 0.5632597046424008
-1.511390271077698 0.563259947318987
-1.511391263739606 0.5632599677003288
-1.5113921529853138 0.5632599368518093
-1.5113927163392746 0.5632600297589456
-1.511392861556346 0.5632602586125792
-1.5113926398268753 0.5632604644941542
-1.5113921861511328 0.5632604603969487
-1.5113916384260846 0.563260194976886
-1.511391091466712 0.5632598001743567
-1.511390604047146 0.563259491047718
-1.5113902314848864 0.5632594077162467
-1.5113900405631577 0.5632595278345662
-1.5113900867474281 0.5632597102472325
-1.5113903721473994 0.5632598208211339
-1.5113908226827089 0.5632598318811807
-1.5113913088501587 0.5632598200258714
-1.5113917000829722 0.5632598772933385
-1.5113919172432353 0.5632600193320346
-1.511391951084964 0.5632601680501927
-1.5113918416928356 0.5632602175130379
-1.5113916415372461 0.5632601223999181
-1.5113913914463126 0.5632599346394234
-1.5113911219602296 0.5632597618955333
-1.5113908686901931 0.5632596867498371
-1.5113906796973373 0.5632597133808457
-1.5113906027641906 0.5632597801751328
-1.5113906603954084 0.5632598202897335
-1.5113908326921128 0.5632598159783427
-1.5113910629760092 0.563259803730713
-1.5113912835630514 0.5632598321020456
-1.5113914443532968 0.5632599127728224
-1.5113915264542173 0.5632600070034492
-1.511391535971086 0.563260056491812
-1.5113914878926393 0.5632600301014684
-1.5113913948882935 0.5632599471056885
-1.5113912682571715 0.5632598598789539
-1.5113911260088528 0.5632598131567276
-1.5113909968310362 0.5632598141540562
-1.5113909131090169 0.5632598356471289
-1.5113908965110696 0.5632598453143165
-1.511390946700919 0.5632598342448794
-1.5113910417317524 0.5632598213017671
-1.5113911497911985 0.5632598324636158
-1.511391243841654 0.5632598751512028
-1.5113913097222762 0.5632599298815695
-1.5113913445036142 0.5632599652367721
-1.5113913495932485 0.5632599622881181
-1.5113913259934377 0.5632599279222219
-1.5113912755178902 0.5632598872650889
-1.5113912054884755 0.5632598631779508
-1.5113911310644184 0.5632598604052015
-1.5113910715124963 0.5632598663267114
-1.5113910421376873 0.5632598654964971
-1.5113910474448176 0.5632598542316798
-1.511391080251573 0.5632598430166281
-1.5113911269092069 0.5632598459320802
-1.5113911744566806 0.5632598672874317
-1.5113912148463133 0.5632598971024999
-1.5113912444725939 0.563259918731443
-1.5113912611850373 0.5632599215679072
-1.5113912624806314 0.5632599081591726
-1.5113912467296355 0.5632598905484342
-1.5113912160492964 0.5632598798886428
-1.5113911777267834 0.5632598783888001
-1.5113911422641497 0.5632598797501206
-1.5113911189789289 0.5632598765997049
-1.5113911121195513 0.563259867815388
-1.5113911200100274 0.5632598594946534
-1.5113911373583206 0.5632598592994955
-1.5113911586203232 0.5632598695397133
-1.5113911799714792 0.563259884983248
-1.511391199040029 0.5632598969467288
-1.5113912135543117 0.5632598998775944
-1.5113912207578246 0.5632598949115237
-1.511391218424053 0.5632598878727317
-1.5113912066245327 0.5632598839651968
-1.511391188586188 0.5632598838529109
-1.5113911696698066 0.563259884149844
-1.5113911550261574 0.5632598813388867
-1.5113911475089328 0.5632598753723702
-1.5113911471353132 0.5632598698585731
-1.511391152125884 0.5632598689301638
-1.5113911604299144 0.5632598737060572
-1.5113911705330434 0.56325988137277
-1.511391181207894 0.5632598874771304
-1.5113911908642195 0.5632598893080442
-1.5113911974295462 0.5632598875418556
-1.5113911990906814 0.5632598850303921
-1.5113911953573016 0.5632598840730619
-1.511391187552392 0.5632598846106213
-1.5113911782698268 0.563259884731126
-1.5113911701517433 0.5632598827782619
-1.5113911648271416 0.5632598790642385
-1.5113911626443106 0.5632598757167365
-1.511391163158397 0.5632598749136212
-1.5113911657933965 0.5632598771139657
-1.51139117010681 0.5632598807712397
-1.5113911755636673 0.5632598836526996
-1.511391181210416 0.5632598845460904
-1.5113911857110243 0.5632598839348648
-1.5113911878451196 0.5632598832242705
-1.5113911871241583 0.5632598833470398
-1.5113911840503083 0.5632598839998383
-1.5113911798196866 0.5632598840878735
-1.511391175698903 0.5632598828625774
-1.511391172518044 0.5632598806908365
-1.5113911705699388 0.5632598788042535
-1.5113911698492535 0.5632598783054961
-1.5113911703204463 0.5632598793203133
-1.5113911719573425 0.5632598809891762
-1.511391174564125 0.5632598822302796
-1.5113911776114968 0.5632598825718975
-1.5113911803100049 0.5632598823685474
-1.511391181924367 0.5632598823047916
-1.5113911821137254 0.563259882698929
-1.5113911810533998 0.5632598832302949
-1.5113911792677108 0.5632598832837054
-1.51139117732146 0.563259882551996
-1.5113911755972589 0.5632598813454154
-1.5113911742773318 0.5632598803548372
-1.5113911734635561 0.563259880104446
-1.5113911732713603 0.5632598805746241
-1.5113911737929595 0.5632598812910178
-1.5113911749718822 0.563259881758012
-1.5113911765253507 0.5632598818404152
-1.5113911780136744 0.5632598817846562
-1.5113911790281798 0.5632598819100969
-1.511391179368213 0.5632598822785736
-1.5113911790885208 0.563259882635659
-1.5113911784040095 0.5632598826518257
-1.5113911775440436 0.5632598822274651
-1.5113911766671042 0.5632598815893172
-1.5113911758740946 0.5632598811074668
-1.5113911752672127 0.5632598810069042
-1.5113911749710907 0.5632598812221067
-1.511391175082413 0.5632598814993692
-1.5113911755910021 0.5632598816329718
-1.5113911763481735 0.5632598816214047
-1.511391177120497 0.5632598816221994
-1.511391177696142 0.5632598817702406
-1.51139117796999 0.5632598820356037
-1.5113911779552798 0.5632598822448295
-1.511391177730411 0.5632598822349268
-1.5113911773754543 0.5632598819955766
-1.5113911769478563 0.563259881676544
-1.5113911765017871 0.563259881463211
-1.5113911761143026 0.5632598814353925
-1.5113911758795293 0.5632598815279447
-1.5113911758669274 0.5632598816135572
-1.5113911760767336 0.5632598816225343
-1.5113911764313799 0.5632598815926726
-1.5113911768127046 0.5632598816147802
-1.5113911771183153 0.5632598817340382
-1.5113911772980764 0.5632598819001966
-1.511391177351677 0.5632598820080927
-1.5113911773006599 0.563259881986931
-1.5113911771647524 0.5632598818572936
-1.5113911769611608 0.5632598817092459
-1.5113911767199526 0.5632598816265895
-1.5113911764930164 0.5632598816258274
-1.511391176341276 0.5632598816588508
-1.5113911763063914 0.5632598816687064
-1.5113911763885792 0.5632598816435468
-1.5113911765480017 0.5632598816217348
-1.51139117672818 0.5632598816490111
-1.5113911768833437 0.5632598817309445
-1.5113911769912527 0.563259881824194
-1.5113911770474278 0.5632598818721215
-1.5113911770520871 0.5632598818507984
-1.511391177004317 0.5632598817850671
-1.5113911769079484 0.5632598817236084
-1.511391176780841 0.5632598816981195
-1.5113911766555992 0.563259881702679
-1.511391176567773 0.5632598817080822
-1.5113911765392165 0.5632598816940664
-1.5113911765688628 0.5632598816687099
-1.511391176637068 0.5632598816589399
-1.5113911767188886 0.5632598816834051
-1.5113911767956865 0.5632598817337273
-1.511391176857823 0.5632598817805574
-1.5113911768999095 0.563259881797615
-1.5113911769160249 0.5632598817816642
-1.5113911769006936 0.5632598817517985
-1.5113911768546322 0.5632598817308008
-1.5113911767890333 0.5632598817264591
-1.5113911767231583 0.563259881728757
-1.5113911766759303 0.5632598817232327
-1.5113911766574504 0.5632598817065778
-1.5113911766663015 0.5632598816900596
-1.511391176693601 0.5632598816886841
-1.5113911767295791 0.5632598817070267
-1.511391176767425 0.5632598817347616
-1.5113911768025847 0.5632598817552836
-1.511391176830086 0.5632598817590057
-1.5113911768438193 0.5632598817495674
-1.5113911768391783 0.5632598817384606
-1.5113911768167883 0.5632598817340558
-1.5113911767836996 0.5632598817351989
-1.5113911767505184 0.5632598817343742
-1.5113911767263877 0.5632598817263959
-1.5113911767153938 0.5632598817140824
-1.5113911767165504 0.5632598817059145
-1.511391176726486 0.5632598817083685
-1.5113911767420882 0.5632598817202015
-1.5113911767610735 0.5632598817336566
-1.511391176780797 0.5632598817410338
-1.5113911767972938 0.5632598817405048
-1.5113911768061121 0.5632598817363085
-1.5113911768045756 0.5632598817338643
-1.5113911767935913 0.5632598817347215
-1.5113911767773913 0.5632598817358344
-1.5113911767613222 0.5632598817332906
-1.511391176749337 0.5632598817265911
-1.511391176742902 0.5632598817194517
-1.5113911767416683 0.5632598817166032
-1.5113911767448232 0.5632598817197368
-1.5113911767517496 0.5632598817262613
-1.5113911767615933 0.5632598817317429
-1.51139117677252 0.5632598817335818
-1.5113911767817412 0.5632598817326367
-1.5113911767865933 0.5632598817316632
-1.51139117678591 0.5632598817323622
-1.5113911767805932 0.5632598817338649
-1.5113911767729558 0.563259881733869
-1.5113911767654005 0.5632598817311084
-1.5113911767594395 0.5632598817267431
-1.5113911767556154 0.5632598817234407
-1.5113911767540515 0.5632598817231211
-1.5113911767548966 0.5632598817254642
-1.5113911767582064 0.5632598817284213
-1.5113911767634691 0.5632598817300942
-1.5113911767693717 0.5632598817301984
-1.5113911767741894 0.5632598817298977
-1.5113911767765844 0.563259881730376
-1.5113911767762218 0.5632598817316035
-1.5113911767737602 0.5632598817324185
-1.5113911767702988 0.5632598817317269
-1.5113911767667685 0.5632598817296096
-1.5113911767637014 0.5632598817273132
-1.5113911767614028 0.5632598817261963
-1.5113911767601986 0.5632598817266445
-1.5113911767604291 0.5632598817279048
-1.5113911767621757 0.5632598817288887
-1.5113911767650132 0.5632598817291288
-1.5113911767680739 0.5632598817290275
-1.5113911767704324 0.5632598817292749
-1.5113911767715373 0.5632598817300702
-1.5113911767713786 0.5632598817309009
-1.5113911767703185 0.5632598817310388
-1.5113911767687838 0.563259881730239
-1.5113911767670787 0.5632598817289766
-1.5113911767654198 0.5632598817280358
-1.5113911767640635 0.5632598817278623
-1.5113911767633312 0.5632598817282711
-1.5113911767634671 0.5632598817287244
-1.5113911767644508 0.5632598817288628
-1.511391176765946 0.5632598817287859
-1.511391176767452 0.5632598817288605
-1.5113911767685493 0.5632598817292919
-1.511391176769061 0.5632598817298883
-1.5113911767690356 0.5632598817302277
-1.5113911767686121 0.5632598817300452
-1.5113911767679105 0.5632598817294663
-1.5113911767670272 0.563259881728886
-1.5113911767661015 0.5632598817286273
-1.511391176765346 0.563259881728702
-1.5113911767649808 0.5632598817288714
-1.511391176765113 0.5632598817289142
-1.5113911767656645 0.5632598817288316
-1.511391176766414 0.5632598817288101
-1.5113911767671193 0.5632598817290037
-1.511391176767624 0.5632598817293605
-1.5113911767678847 0.5632598817296579
-1.511391176767919 0.5632598817296993
-1.5113911767677488 0.5632598817294814
-1.5113911767673933 0.5632598817291823
-1.5113911767669046 0.5632598817289964
-1.511391176766395 0.5632598817289775
-1.511391176766011 0.5632598817290283
-1.5113911767658645 0.563259881729026
-1.5113911767659742 0.5632598817289499
-1.5113911767662647 0.563259881728893
-1.5113911767666197 0.5632598817289568
-1.511391176766944 0.5632598817291428
-1.5113911767671888 0.5632598817293422
-1.5113911767673376 0.5632598817294305
-1.5113911767673767 0.5632598817293716
-1.5113911767672918 0.5632598817292378
-1.5113911767670887 0.5632598817291343
-1.511391176766814 0.563259881729108
-1.5113911767665498 0.5632598817291212
-1.5113911767663755 0.5632598817291083
-1.5113911767663306 0.5632598817290495
-1.5113911767664017 0.563259881728991
-1.5113911767665427 0.5632598817289965
-1.511391176766706 0.563259881729082
-1.511391176766862 0.5632598817291975
-1.511391176766992 0.563259881729271
-1.5113911767670782 0.5632598817292686
-1.5113911767670987 0.5632598817292163
-1.5113911767670414 0.563259881729168
-1.5113911767669197 0.5632598817291536
-1.5113911767667725 0.563259881729159
-1.5113911767666472 0.5632598817291492
-1.5113911767665764 0.56325988172911
-1.5113911767665664 0.5632598817290646
-1.5113911767666033 0.5632598817290505
-1.511391176766668 0.5632598817290839
-1.5113911767667465 0.5632598817291439
-1.5113911767668287 0.5632598817291912
-1.5113911767669008 0.563259881729202
-1.5113911767669452 0.5632598817291847
-1.5113911767669472 0.5632598817291654
-1.511391176766906 0.5632598817291615
-1.5113911767668369 0.5632598817291667
-1.5113911767667647 0.5632598817291623
-1.51139117676671 0.5632598817291391
-1.5113911767666819 0.5632598817291087
-1.5113911767666788 0.5632598817290925
-1.5113911767666954 0.5632598817291025
-1.5113911767667272 0.5632598817291308
-1.5113911767667698 0.5632598817291572
-1.511391176766816 0.5632598817291671
-1.5113911767668538 0.5632598817291626
-1.5113911767668715 0.5632598817291564
-1.5113911767668646 0.5632598817291574
-1.5113911767668378 0.5632598817291626
-1.5113911767668022 0.563259881729162
-1.5113911767667694 0.5632598817291498
-1.5113911767667458 0.5632598817291313
-1.5113911767667334 0.5632598817291188
-1.5113911767667316 0.56325988172912
-1.51139117676674 0.5632598817291322
-1.5113911767667583 0.5632598817291453
-1.511391176766783 0.5632598817291514
-1.5113911767668076 0.5632598817291505
-1.5113911767668247 0.5632598817291491
-1.5113911767668293 0.5632598817291518
-1.511391176766822 0.5632598817291568
-1.5113911767668073 0.563259881729158
-1.5113911767667907 0.5632598817291518
-1.5113911767667758 0.5632598817291413
-1.5113911767667645 0.5632598817291331
-1.5113911767667578 0.5632598817291318
-1.511391176766757 0.5632598817291367
-1.511391176766763 0.5632598817291425
-1.5113911767667745 0.5632598817291455
-1.5113911767667885 0.5632598817291453
-1.5113911767668005 0.5632598817291454
-1.511391176766807 0.563259881729148
-1.511391176766807 0.5632598817291515
-1.5113911767668022 0.563259881729153
-1.511391176766795 0.5632598817291504
-1.5113911767667867 0.563259881729145
-1.5113911767667791 0.5632598817291401
-1.511391176766773 0.5632598817291385
-1.5113911767667698 0.5632598817291403
-1.5113911767667707 0.5632598817291428
-1.5113911767667754 0.5632598817291438
-1.5113911767667825 0.5632598817291435
-1.5113911767667896 0.5632598817291439
-1.5113911767667945 0.5632598817291458
-1.5113911767667965 0.5632598817291483
-1.5113911767667958 0.5632598817291498
-1.5113911767667934 0.5632598817291488
-1.5113911767667896 0.5632598817291459
-1.5113911767667854 0.563259881729143
-1.5113911767667811 0.563259881729142
-1.5113911767667778 0.5632598817291428
-1.5113911767667767 0.5632598817291438
-1.5113911767667783 0.5632598817291438
-1.5113911767667816 0.5632598817291432
-1.5113911767667854 0.5632598817291433
-1.5113911767667885 0.5632598817291448
-1.5113911767667905 0.5632598817291466
-1.5113911767667911 0.5632598817291476
-1.511391176766791 0.5632598817291471
-1.5113911767667896 0.5632598817291455
-1.5113911767667874 0.5632598817291443
-1.5113911767667847 0.5632598817291439
-1.5113911767667823 0.5632598817291442
-1.511391176766781 0.5632598817291444
-1.511391176766781 0.5632598817291439
-1.5113911767667823 0.5632598817291433
-1.511391176766784 0.5632598817291434
-1.5113911767667858 0.5632598817291445
-1.5113911767667874 0.5632598817291459
-1.5113911767667885 0.5632598817291463
-1.511391176766789 0.563259881729146
-1.5113911767667887 0.5632598817291453
-1.5113911767667876 0.563259881729145
-1.511391176766786 0.563259881729145
