-0.1784532339999967 -0.6936470930997248
-0.18238891134763754 -0.6891544108823383
-0.186339919939715 -0.6846536063656102
-0.19030621992536423 -0.6801446324201311
-0.19428776889770744 -0.6756274426330636
-0.1982845218870812 -0.6711019913730287
-0.20229643135528994 -0.6665682338538413
-0.20632344719089526 -0.6620261261970776
-0.21036551670554987 -0.657475625493456
-0.21442258463138372 -0.6529166898630145
-0.21849459311944966 -0.6483492785140663
-0.22258148173923417 -0.6437733518009155
-0.2266831874792384 -0.639188871280318
-0.23079964474863351 -0.634595799766667
-0.23493078537999318 -0.6299941013858901
-0.23907653863310532 -0.6253837416280384
-0.24323683119986417 -0.6207646873985551
-0.24741158721024215 -0.6161369070682041
-0.2516007282393408 -0.6115003705216493
-0.25580417331551847 -0.6068550492046648
-0.26002183892959124 -0.6022009161699668
-0.264253639045103 -0.5975379461216529
-0.2684994851096595 -0.5928661154582363
-0.27275928606731914 -0.5881854023142657
-0.2770329483720342 -0.5834957866005188
-0.28132037600213294 -0.5787972500427617
-0.28562147047583397 -0.5740897762190652
-0.28993613086778164 -0.5693733505956708
-0.29426425382659177 -0.5646479605614013
-0.2986057335933946 -0.5599135954606089
-0.3029604620213625 -0.5551702466246597
-0.30732832859620757 -0.5504179074019493
-0.31170922045763433 -0.545656573186449
-0.31610302242173205 -0.5408862414447835
-0.3205096170042896 -0.5361069117418382
-0.32492888444501594 -0.5313185857649014
-0.3293607027326478 -0.5265212673463424
-0.33380494763092616 -0.5217149624848315
-0.33826149270542266 -0.5168996793651081
-0.342730209351195 -0.5120754283763027
-0.34721096682125235 -0.5072422221288237
-0.35170363225580903 -0.502400075469817
-0.35620807071230587 -0.49754900549721054
-0.36072414519617757 -0.4926890315723563
-0.3652517166923442 -0.4878201753312836
-0.36979064419740487 -0.4829424606945784
-0.37434078475251165 -0.4780559138759058
-0.37890199347690107 -0.4731605633891923
-0.3834741236020612 -0.46825644005448797
-0.3880570265065116 -0.4633435770025274
-0.3926505517511744 -0.4584220096780118
-0.3972545471153138 -0.45349177584163397
-0.4018688586330223 -0.44855291557087007
-0.40649333063023196 -0.4436054712595628
-0.41112780576222924 -0.43864948761632194
-0.4157721250516522 -0.43368501166176904
-0.4204261279269495 -0.42871209272465416
-0.42508965226128104 -0.4237307824368734
-0.42976253441184037 -0.4187411347274174
-0.43444460925958006 -0.41374320581528135
-0.43913571024932113 -0.40873705420136774
-0.443835669430229 -0.4037227406594156
-0.448544317496639 -0.39870032822598783
-0.4532614838292143 -0.3936698821895522
-0.45798699653642216 -0.3886314700786899
-0.46272068249631215 -0.3835851616494678
-0.4674623673985838 -0.37853102887200984
-0.4722118757869303 -0.3734691459163054
-0.47696903110164623 -0.36839958913729137
-0.4817336557224889 -0.3633224370592458
-0.4865055710117828 -0.35823777035953236
-0.4912845973577591 -0.3531456718517343
-0.4960705542181212 -0.34804622646821687
-0.5008632601638312 -0.3429395212421594
-0.5056625329231109 -0.33782564528909603
-0.5104681894256526 -0.3327046897880072
-0.5152800458470372 -0.3275767479620018
-0.5200979176533573 -0.3224419150586324
-0.524921619646044 -0.3173002883298852
-0.5297509660068981 -0.31215196701188647
-0.5345857703433267 -0.3069970523043682
-0.5394258457337883 -0.30183564734993606
-0.5442710047734498 -0.296667857213182
-0.5491210596200603 -0.29149378885968513
-0.5539758220400477 -0.2863135511349447
-0.558835103454846 -0.2811272547432887
-0.5636987149874605 -0.2759350122268019
-0.5685664675092813 -0.2707369379443186
-0.5734381716871552 -0.26553314805052386
-0.5783136380307274 -0.26032376047520855
-0.5831926769400664 -0.25510889490272326
-0.5880750987535838 -0.24988867275167692
-0.5929607137962664 -0.2446632171549257
-0.5978493324282331 -0.23943265293989843
-0.6027407650936356 -0.23419710660930526
-0.6076348223699172 -0.2289567063222764
-0.6125313150174507 -0.22371158187597848
-0.6174300540295721 -0.21846186468775594
-0.6223308506830297 -0.21320768777784652
-0.6272335165888699 -0.20794918575271887
-0.6321378637437781 -0.20268649478908216
-0.6370437045818983 -0.1974197526186175
-0.6419508520271511 -0.19214909851348166
-0.6468591195460726 -0.18687467327263468
-0.651768321201197 -0.1815966192090429
-0.6566782717050045 -0.17631508013781053
-0.6615887864744578 -0.17103020136529304
-0.6664996816861495 -0.1657421296792472
-0.671410774332083 -0.16045101334007247
-0.6763218822761106 -0.15515700207320066
-0.6812328243110496 -0.14986024706269085
-0.6861434202165001 -0.144560900946088
-0.6910534908173852 -0.1392591178106049
-0.6959628580432357 -0.13395505319068793
-0.7008713449882396 -0.128648864067029
-0.7057787759720773 -0.12334070886708651
-0.7106849766015607 -0.11803074746718017
-0.715589773833096 -0.11271914119622581
-0.7204929960359866 -0.1074060528411774
-0.7253944730565935 -0.10209164665424565
-0.7302940362833678 -0.09677608836196375
-0.7351915187127687 -0.09145954517617229
-0.7400867550160815 -0.08614218580699774
-0.7449795816071434 -0.08082418047789994
-0.7498698367109891 -0.07550570094286616
-0.7547573604334207 -0.07018692050583127
-0.7596419948315105 -0.06486801404240511
-0.7645235839850364 -0.05954915802399034
-0.7694019740688536 -0.054230530544375974
-0.7742770134261991 -0.0489123113488937
-0.779148552642927 -0.04359468186622632
-0.7840164446226656 -0.03827782524295951
-0.788880544662889 -0.0329619263809703
-0.793740710531889 -0.02764717197774779
-0.7985968025466323 -0.02233375056974361
-0.8034486836514845 -0.01702185257885189
-0.8082962194977766 -0.01171167036212048
-0.8131392785241911 -0.006403398264797333
-0.8179777320379336 -0.001097232676817969
-0.8228114542966599 0.004206627907157986
-0.8276403225911183 0.009507982824051265
-0.8324642173284644 0.01480662917489656
-0.8372830221162039 0.020102361753491543
-0.8420966238467084 0.025394972971045815
-0.8469049127822506 0.030684252776712738
-0.8517077826404952 0.03596998857388542
-0.8565051306803798 0.041251965132136886
-0.8612968577883126 0.04652996449468312
-0.8660828685646084 0.05180376588124675
-0.8708630714100802 0.05707314558619822
-0.8756373786126944 0.062337876871850786
-0.8804057064341932 0.0675977298567853
-0.885167975196582 0.07285247139908085
-0.8899241093683693 0.07810186497432747
-0.8946740376504444 0.08334567054829814
-0.8994176930614649 0.08858364444415814
-0.9041550130226239 0.09381553920409175
-0.9088859394416551 0.09904110344522796
-0.9136104187959264 0.10426008170975036
-0.918328402214466 0.10947221430907889
-0.9230398455587524 0.11467723716201572
-0.9277447095020943 0.11987488162675254
-0.9324429596074137 0.12506487432664168
-0.937134566403237 0.13024693696964085
-0.9418195054576873 0.13542078616134853
-0.9464977574502632 0.14058613321155639
-0.9511693082411724 0.1457426839342548
-0.9558341489379832 0.15089013844103955
-0.96049227595934 0.15602819092788076
-0.9651436910954773 0.16115652945522957
-0.9697884015652559 0.16627483572145538
-0.9744264200694269 0.17138278482962416
-0.979057764839818 0.17648004504765005
-0.9836824596841202 0.18156627756187516
-0.9883005340259383 0.18664113622415804
-0.992912022939751 0.1917042672925808
-0.9975169671804099 0.19675530916591552
-1.0021154132067915 0.20179389211202634
-1.006707413199193 0.20681963799042224
-1.0112930250700503 0.211832159969218
-1.01587231246753 0.2168310622368077
-1.020445344771534 0.2218159397086071
-1.0250121970816282 0.22678637772927715
-1.0295729501963877 0.23174195177090343
-1.0341276905836325 0.23668222712767348
-1.038676510340996 0.2416067586076681
-1.0432195071462553 0.2465150902224633
-1.0477567841968203 0.25140675487532715
-1.0522884501377607 0.25628127404889106
-1.056814618977723 0.26113815749327796
-1.0613354099920627 0.2659769029157827
-1.0658509476124998 0.2707969956733194
-1.0703613613025753 0.2755979084689827
-1.0748667854181642 0.28037910105420827
-1.0793673590522816 0.28514001993817095
-1.0838632258633931 0.28988009810621884
-1.0883545338864227 0.29459875474931574
-1.0928414353256324 0.2992953950066487
-1.0973240863285354 0.3039694097237533
-1.101802646739985 0.30862017522871793
-1.1062772798355827 0.3132470531292484
-1.1107481520335314 0.3178493901336061
-1.1152154325840737 0.3224265178986762
-1.1196792932356474 0.32697775290867703
-1.124139907876911 0.3315023963882853
-1.1285974521538096 0.33599973425422763
-1.1330521030608778 0.34046903710966725
-1.1375040385060162 0.34490956028600545
-1.1419534368480229 0.34932054393700585
-1.1464004764062254 0.3537012131904444
-1.150845334941627 0.35805077836277727
-1.1552881891090692 0.36236843524260565
-1.1597292138800164 0.3666533654489898
-1.164168581935683 0.3709047368709276
-1.16860646303036 0.3751217041945512
-1.1730430233249545 0.37930340952480923
-1.177478424690922 0.3834489831085812
-1.181912823984972 0.38755754416630733
-1.186346372295131 0.3916282018393032
-1.190779214158985 0.3956600562599545
-1.1952114867551737 0.3996521997519425
-1.1996433190694769 0.4036037181675237
-1.2040748310371217 0.4075136923686692
-1.2085061326632427 0.41138119985854427
-1.2129373231237406 0.41520531656937043
-1.2173684898491057 0.41898511881214107
-1.2217997075941063 0.42271968539295457
-1.22623103749656 0.4264080998998692
-1.2306625261287332 0.43004945316316234
-1.2350942045452156 0.4336428458906858
-1.2395260873313954 0.43718739147864427
-1.2439581716569177 0.4406822189965736
-1.248390436338713 0.44412647634356744
-1.2528228409183382 0.4475193335708888
-1.2572553247584644 0.45085998636401764
-1.261687806163362 0.4541476596749314
-1.266120181528159 0.45738161149301204
-1.2705523245214687 0.46056113674043225
-1.2749840853057015 0.46368557127522586
-1.2794152897989544 0.4667542959825115
-1.2838457389818216 0.46976674093155607
-1.2882752082517714 0.47272238957356383
-1.2927034468268752 0.4756207829522995
-1.297130177199654 0.47846152389694213
-1.3015550946406131 0.48124428116395845
-1.3059778667496598 0.48396879349232497
-1.3103981330520378 0.486634873534154
-1.3148155046336616 0.48924241162072474
-1.3192295638087757 0.4917913793221169
-1.3236398638107023 0.49428183275711157
-1.3280459284940431 0.4967139156087721
-1.332447252034057 0.4990878618001507
-1.336843298606006 0.5014039977838661
-1.3412335020239998 0.5036627443988423
-1.3456172653152068 0.5058646182472396
-1.349993960201147 0.5080102325444981
-1.3543629264530188 0.5101002973953604
-1.3587234710824592 0.5121356194486745
-1.3630748673225994 0.5141171008835653
-1.3674163533464503 0.51604573767911
-1.3717471306601785 0.5179226171187812
-1.3760663620972422 0.5197489144795049
-1.3803731693250285 0.5215258888530051
-1.3846666297578074 0.5232548780439858
-1.3889457727474859 0.5249372924853787
-1.393209574895565 0.52657460810508
-1.3974569542942576 0.5281683580709824
-1.4016867634598877 0.5297201233312394
-1.405897780664908 0.5312315218541045
-1.4100886993029114 0.5327041964556904
-1.4142581148298792 0.5341398010838457
-1.4184045087096813 0.5355399854010423
-1.422526228646609 0.5369063774775764
-1.4266214642056319 0.538240564367148
-1.4306882166946124 0.5395440702886306
-1.4347242619046643 0.5408183320793679
-1.4387271039700968 0.5420646715162276
-1.4426939182189575 0.5432842640224077
-1.4466214804535025 0.5444781031961593
-1.4505060796683515 0.5456469605255806
-1.4543434108745246 0.5467913396194499
-1.458128444632134 0.5479114243414389
-1.461855270439087 0.5490070204811678
-1.4655169128606358 0.550077491196821
-1.4691051231640844 0.5511216876881437
-1.472610156664736 0.5521378788012595
-1.4760205588510136 0.5531236870360143
-1.4793230034656377 0.5540760442010282
-1.4825022534326964 0.5549911877702662
-1.485541346665929 0.5558647275423602
-1.4884221300542284 0.5566918175767426
-1.4911262504508802 0.5574674631600648
-1.4936366286015554 0.5581869675793477
-1.4959392758288197 0.55884647502135
-1.4980251067255346 0.5594435069261695
-1.4998912697700908 0.5599773530834918
-1.5015415870373814 0.5604492010279994
-1.502985976777157 0.5608619701805191
-1.5042390789054978 0.5612199167604136
-1.5053185149286745 0.5615281350342791
-1.5062432078319212 0.5617920773113573
-1.5070320330638938 0.5620171699126252
-1.5077028919983948 0.5622085505814414
-1.5082721737502807 0.5623709170043136
-1.508754515204842 0.5625084603273797
-1.509162762273458 0.5626248558029564
-1.5095080520616782 0.562723287596006
-1.5097999582633568 0.5628064913107674
-1.5100466622217679 0.5628768035711367
-1.5102551271518125 0.562936212289641
-1.5104312631980392 0.5629864041595748
-1.510580077419532 0.5630288077266272
-1.5107058066036347 0.5630646314743883
-1.5108120329374037 0.5630948969568499
-1.5109017836569656 0.5631204673158214
-1.5109776162758983 0.5631420716533595
-1.5110416911306832 0.5631603257645974
-1.5110958329352024 0.563175749720445
-1.5111415829015518 0.5631887827491971
-1.5111802428146348 0.5631997958161992
-1.511212912272207 0.5632091022495436
-1.5112405201351065 0.5632169667114258
-1.511263851081065 0.5632236127710978
-1.5112835680219963 0.5632292292969182
-1.5113002310288641 0.5632339758517245
-1.5113143133088958 0.5632379872472314
-1.511326214695263 0.5632413773889063
-1.511336273037562 0.5632442425222111
-1.5113447738206898 0.5632466639737191
-1.5113519582884491 0.5632487104659607
-1.5113580303049476 0.5632504400724847
-1.5113631621504016 0.5632519018692125
-1.5113674994172108 0.5632531373293788
-1.5113711651462591 0.5632541815019647
-1.5113742633215559 0.5632550640072919
-1.5113768818229159 0.5632558098781942
-1.511379094920842 0.563256440270756
-1.5113809653846753 0.5632569730648668
-1.511382546264019 0.5632574233716934
-1.5113838823941232 0.5632578039625111
-1.5113850116680314 0.5632581256310901
-1.5113859661116513 0.5632583974999388
-1.511386772792297 0.5632586272791086
-1.51138745458651 0.5632588214849114
-1.5113880308289638 0.5632589856247624
-1.511388517860874 0.5632591243533966
-1.5113889294934852 0.563259241604892
-1.5113892773997846 0.5632593407042509
-1.5113895714455619 0.5632594244617004
-1.5113898199692084 0.563259495252394
-1.5113900300181922 0.5632595550837708
-1.5113902075489207 0.5632596056524853
-1.5113903575956578 0.5632596483925235
-1.5113904844132882 0.5632596845158687
-1.5113905915979797 0.5632597150468717
-1.5113906821891634 0.5632597408512989
-1.5113907587557243 0.5632597626608846
-1.51139082346885 0.5632597810940806
-1.5113908781635996 0.5632597966735942
-1.5113909243909416 0.5632598098412106
-1.5113909634617344 0.5632598209703213
-1.5113909964838994 0.5632598303765117
-1.5113910243938373 0.5632598383265113
-1.511391047982983 0.5632598450457557
-1.5113910679202471 0.5632598507247807
-1.511391084770985 0.5632598555246247
-1.5113910990130277 0.5632598595813958
-1.5113911110502327 0.5632598630101303
-1.511391121223935 0.5632598659080561
-1.5113911298226275 0.5632598683573483
-1.51139113709014 0.5632598704274611
-1.5113911432325553 0.5632598721770958
-1.5113911484240519 0.5632598736558663
-1.511391152811843 0.5632598749057055
-1.5113911565203522 0.5632598759620547
-1.51139115965474 0.5632598768548688
-1.5113911623038876 0.5632598776094644
-1.5113911645429157 0.5632598782472398
-1.5113911664353157 0.56325987878628
-1.5113911680347496 0.5632598792418704
-1.5113911693865723 0.56325987962693
-1.5113911705291168 0.5632598799523778
-1.5113911714947819 0.5632598802274423
-1.5113911723109505 0.5632598804599236
-1.5113911730007665 0.5632598806564141
-1.5113911735837908 0.5632598808224855
-1.5113911740765562 0.5632598809628471
-1.5113911744930355 0.5632598810814792
-1.5113911748450388 0.5632598811817454
-1.511391175142548 0.5632598812664893
-1.511391175393999 0.5632598813381139
-1.5113911756065226 0.56325988139865
-1.5113911757861451 0.5632598814498144
-1.51139117593796 0.5632598814930582
-1.511391176066272 0.5632598815296073
-1.5113911761747199 0.5632598815604979
-1.5113911762663785 0.5632598815866066
-1.5113911763438475 0.563259881608673
-1.5113911764093233 0.5632598816273235
-1.5113911764646628 0.5632598816430867
-1.511391176511435 0.5632598816564096
-1.5113911765509662 0.5632598816676697
-1.5113911765843775 0.5632598816771869
-1.5113911766126165 0.5632598816852307
-1.5113911766364836 0.5632598816920291
-1.511391176656656 0.5632598816977751
-1.5113911766737054 0.5632598817026315
-1.5113911766881154 0.5632598817067359
-1.5113911767002945 0.5632598817102052
-1.511391176710588 0.5632598817131373
-1.511391176719288 0.5632598817156154
-1.5113911767266413 0.5632598817177099
-1.511391176732856 0.5632598817194803
-1.5113911767381087 0.5632598817209764
-1.5113911767425483 0.563259881722241
-1.5113911767463004 0.5632598817233099
-1.5113911767494717 0.5632598817242132
-1.511391176752152 0.5632598817249765
-1.5113911767544175 0.5632598817256219
-1.5113911767563322 0.5632598817261673
-1.5113911767579504 0.5632598817266282
-1.5113911767593182 0.5632598817270177
-1.5113911767604742 0.5632598817273471
-1.5113911767614514 0.5632598817276254
-1.5113911767622772 0.5632598817278607
-1.511391176762975 0.5632598817280595
-1.511391176763565 0.5632598817282275
-1.5113911767640635 0.5632598817283696
-1.511391176764485 0.5632598817284895
-1.5113911767648411 0.5632598817285909
-1.5113911767651422 0.5632598817286767
-1.5113911767653967 0.5632598817287492
-1.5113911767656116 0.5632598817288104
-1.5113911767657935 0.5632598817288622
-1.5113911767659471 0.563259881728906
-1.511391176766077 0.5632598817289429
-1.5113911767661867 0.5632598817289742
-1.5113911767662795 0.5632598817290007
-1.511391176766358 0.563259881729023
-1.511391176766424 0.5632598817290418
-1.51139117676648 0.5632598817290579
-1.5113911767665273 0.5632598817290714
-1.5113911767665673 0.5632598817290827
-1.511391176766601 0.5632598817290925
-1.5113911767666297 0.5632598817291004
-1.511391176766654 0.5632598817291073
-1.5113911767666743 0.5632598817291131
-1.5113911767666914 0.563259881729118
-1.511391176766706 0.5632598817291221
-1.5113911767667183 0.5632598817291256
-1.5113911767667287 0.5632598817291286
-1.5113911767667376 0.5632598817291311
-1.511391176766745 0.5632598817291333
-1.5113911767667512 0.5632598817291351
-1.5113911767667565 0.5632598817291365
-1.511391176766761 0.5632598817291378
-1.5113911767667647 0.5632598817291389
-1.511391176766768 0.5632598817291398
-1.5113911767667707 0.5632598817291405
-1.511391176766773 0.5632598817291411
-1.511391176766775 0.5632598817291418
-1.5113911767667765 0.5632598817291423
-1.5113911767667778 0.5632598817291427
-1.5113911767667791 0.563259881729143
-1.51139117676678 0.5632598817291432
-1.511391176766781 0.5632598817291435
-1.5113911767667816 0.5632598817291437
-1.511391176766782 0.5632598817291438
-1.5113911767667825 0.563259881729144
-1.511391176766783 0.563259881729144
-1.5113911767667834 0.5632598817291441
-1.5113911767667836 0.5632598817291443
-1.5113911767667838 0.5632598817291443
-1.511391176766784 0.5632598817291444
-1.5113911767667843 0.5632598817291443
-1.5113911767667845 0.5632598817291444
-1.5113911767667845 0.5632598817291445
-1.5113911767667847 0.5632598817291445
-1.5113911767667847 0.5632598817291447
-1.511391176766785 0.5632598817291447
-1.511391176766785 0.5632598817291448
-1.5113911767667851 0.5632598817291448
