0.06952232756530073 -0.17467581737122165
0.06974357368364477 -0.17356939997665013
0.06996925823286229 -0.1724688299671964
0.07019939683888318 -0.17137410209287288
0.07043400548572361 -0.17028521078253642
0.07067310051285172 -0.16920215015880427
0.07091669861265706 -0.1681249140527049
0.07116481682801913 -0.16705349601806238
0.07141747254997165 -0.16598788934563535
0.07167468351545601 -0.16492808707700876
0.07193646780516225 -0.16387408201825449
0.0722028438414509 -0.1628258667533633
0.07247383038635218 -0.1617834336574584
0.07274944653964069 -0.16074677490979702
0.07302971173697828 -0.15971588250656676
0.07331464574812406 -0.15869074827348617
0.07360426867520667 -0.15767136387821182
0.07389860095105653 -0.15665772084256285
0.07419766333759266 -0.1556498105545671
0.07450147692426179 -0.15464762428033416
0.07481006312652726 -0.15365115317576267
0.07512344368440384 -0.1526603882980883
0.07544164066103334 -0.15167532061727448
0.07576467644130347 -0.150695941027257
0.07609257373049944 -0.14972224035703915
0.07642535555299206 -0.14875420938165526
0.07676304525095631 -0.14779183883299418
0.07710566648311655 -0.1468351194104943
0.07745324322351942 -0.14588404179171638
0.07780579976032705 -0.14493859664279646
0.07816336069463288 -0.14399877462878022
0.07852595093929228 -0.1430645664238486
0.07889359571776973 -0.14213596272143694
0.07926632056299841 -0.14121295424424923
0.07964415131624776 -0.1402955317541765
0.08002711412600076 -0.13938368606211857
0.08041523544683504 -0.13847740803771444
0.0808085420383057 -0.13757668861898945
0.08120706096382956 -0.13668151882191212
0.0816108195895668 -0.1357918897498792
0.08201984558329774 -0.13490779260311664
0.0824341669132924 -0.13402921868801412
0.08285381184717121 -0.13315615942638484
0.08327880895075461 -0.13228860636466327
0.08370918708689845 -0.13142655118303515
0.08414497541431212 -0.1305699857045125
0.08458620338636069 -0.12971890190394664
0.08503290074984374 -0.1288732919169912
0.08548509754375412 -0.12803314804901111
0.08594282409800802 -0.1271984627839445
0.08640611103215101 -0.126369228793119
0.08687498925403311 -0.12554543894402698
0.08734948995845011 -0.12472708630905444
0.08782964462575349 -0.12391416417418039
0.08831548502042276 -0.12310666604763557
0.08880704318959734 -0.12230458566853031
0.08930435146157126 -0.1215079170154525
0.08980744244423966 -0.12071665431503635
0.09031634902350313 -0.11993079205050657
0.09083110436162377 -0.11915032497019988
0.09135174189552821 -0.11837524809606283
0.09187829533506163 -0.1176055567321329
0.09241079866118404 -0.11684124647300159
0.0929492861241103 -0.11608231321226122
0.09349379224138979 -0.11532875315094192
0.09404435179592516 -0.11458056280593361
0.09460099983392385 -0.11383773901840012
0.09516377166278547 -0.11310027896218598
0.09573270284891734 -0.11236818015221739
0.09630782921547908 -0.11164144045289771
0.09688918684005209 -0.11092005808650138
0.0974768120522319 -0.11020403164156467
0.09807074143114142 -0.10949336008128041
0.09867101180286048 -0.1087880427518902
0.09927766023777192 -0.10808807939108211
0.099890724047819 -0.10739347013639193
0.10051024078367338 -0.10670421553361088
0.10113624823180856 -0.10602031654519853
0.10176878441147928 -0.10534177455870276
0.10240788757160182 -0.10466859139519252
0.10305359618753246 -0.10400076931769593
0.10370594895774234 -0.1033383110396514
0.10436498480038499 -0.10268121973336851
0.10503074284975383 -0.10202949903850347
0.1057032624526278 -0.10138315307054564
0.10638258316449961 -0.10074218642931863
0.10706874474568681 -0.10010660420749194
0.10776178715731946 -0.09947641199911383
0.10846175055720395 -0.09885161590815275
0.10916867529555939 -0.09823222255705608
0.10988260191062067 -0.09761823909532504
0.11060357112410985 -0.09700967320810404
0.11133162383656833 -0.09640653312478535
0.11206680112254894 -0.09580882762762945
0.11280914422566445 -0.09521656606040177
0.11355869455348747 -0.09462975833702157
0.1143154936723016 -0.09404841495022843
0.11507958330169712 -0.09347254698026158
0.11585100530901016 -0.09290216610355335
0.11662980170360003 -0.09233728460143466
0.11741601463096471 -0.0917779153688555
0.11820968636668429 -0.0912240719231115
0.11901085931019871 -0.09067576841258977
0.11981957597840437 -0.09013301962551437
0.12063587899907842 -0.08959584099870516
0.12145981110411636 -0.08906424862634624
0.12229141512258593 -0.08853825926875356
0.12313073397359113 -0.08801789036114935
0.12397781065894375 -0.0875031600224415
0.12483268825563656 -0.08699408706399797
0.12569540990811742 -0.08649069099842481
0.12656601882035784 -0.08599299204833526
0.12744455824771408 -0.08550101115511957
0.1283310714885753 -0.08501476998769956
0.12922560187579663 -0.0845342909512768
0.13012819276791177 -0.08405959719606719
0.13103888754012263 -0.0835907126260156
0.13195772957506025 -0.0831276619074958
0.13288476225331433 -0.08267047047798433
0.13382002894372902 -0.08221916455471003
0.1347635729934569 -0.08177377114327494
0.1357154377177702 -0.08133431804623925
0.13667566638962622 -0.08090083387167207
0.1376443022289793 -0.08047334804166033
0.1386213883918381 -0.08005189080077102
0.13960696795906483 -0.07963649322446649
0.14060108392490964 -0.07922718722746216
0.14160377918527806 -0.07882400557202862
0.14261509652572799 -0.07842698187622389
0.1436350786091917 -0.0780361506220636
0.14466376796341668 -0.07765154716360947
0.1457012069681273 -0.07727320773498143
0.1467474378418958 -0.07690116945827966
0.14780250262872488 -0.07653547035141643
0.14886644318433487 -0.07617614933584921
0.14993930116215404 -0.07582324624420438
0.15102111799900392 -0.0754768018277905
0.1521119349004819 -0.07513685776399494
0.1532117928260326 -0.07480345666354496
0.1543207324737065 -0.07447664207764351
0.15543879426460197 -0.07415645850495545
0.1565660183269882 -0.07384295139844582
0.15770244448010134 -0.07353616717205773
0.1588481122176182 -0.07323615320722407
0.1600030606907958 -0.07294295785919945
0.1611673286912796 -0.07265663046320739
0.16234095463357387 -0.0723772213403917
0.16352397653717324 -0.07210478180356233
0.1647164320083517 -0.07183936416272448
0.16591835822160533 -0.07158102173038143
0.1671297919007471 -0.07132980882660216
0.16835076929965168 -0.07108578078383704
0.16958132618264699 -0.07084899395147996
0.17082149780454756 -0.07061950570015166
0.17207131889033464 -0.07039737442570786
0.17333082361447255 -0.0701826595529447
0.1746000455798641 -0.06997542153900144
0.17587901779644508 -0.06977572187643771
0.1771677726594092 -0.069583623095981
0.1784663419270705 -0.06939918876892152
0.17977475669835577 -0.06922248350914685
0.18109304738992876 -0.06905357297480075
0.18242124371294602 -0.06889252386955197
0.1837593746494398 -0.06873940394345025
0.185107468428334 -0.06859428199337321
0.1864655525010858 -0.06845722786302254
0.18783365351696063 -0.06832831244247832
0.18921179729793283 -0.0682076076672772
0.1906000088132197 -0.06809518651700582
0.19199831215344568 -0.06799112301339592
0.1934067305044391 -0.06789549221789032
0.19482528612066233 -0.0678083702286783
0.19625400029827858 -0.067729834177173
0.1976928933478552 -0.06765996222391141
0.1991419845667088 -0.06759883355386488
0.2006012922108911 -0.06754652837113606
0.20207083346682278 -0.0675031278930249
0.20355062442257435 -0.06746871434344213
0.20504068003880316 -0.06744337094565538
0.2065410141193462 -0.06742718191434074
0.20805163928147374 -0.06742023244692538
0.20957256692581258 -0.06742260871419678
0.21110380720593985 -0.0674343978501581
0.2126453689976569 -0.06745568794111204
0.21419725986794508 -0.06748656801394604
0.2157594860436157 -0.06752712802359993
0.21733205237965822 -0.06757745883969649
0.21891496232729282 -0.0676376522323082
0.22050821790173986 -0.0677078008568397
0.22211181964971213 -0.0677879982380061
0.2237257666166395 -0.06787833875287895
0.22535005631363544 -0.06797891761298548
0.22698468468421829 -0.068089830845426
0.2286296460707944 -0.06821117527299915
0.23028493318091664 -0.06834304849330487
0.23195053705333266 -0.06848554885680244
0.23362644702382998 -0.06863877544380428
0.23531265069089624 -0.06880282804037491
0.2370091338812075 -0.06897780711312312
0.23871588061495613 -0.06916381378285287
0.24043287307103872 -0.06936094979705752
0.24216009155211463 -0.06956931750123224
0.2438975144495567 -0.06978901980898415
0.2456451182083063 -0.07002016017090949
0.247402877291656 -0.07026284254223028
0.24917076414597483 -0.0705171713491538
0.25094874916539583 -0.07078325145394382
0.25273680065648935 -0.0710611881186762
0.25453488480293923 -0.07135108696765997
0.25634296563024467 -0.07165305394850711
0.2581610049704725 -0.07196719529182384
0.2599889624270793 -0.07229361746951146
0.26182679533983055 -0.07263242715165186
0.2636744587498413 -0.07298373116196552
0.2655319053647607 -0.07334763643181937
0.2673990855241332 -0.07372424995277196
0.26927594716495545 -0.07411367872763813
0.2711624357874668 -0.07451602972005637
0.27305849442119207 -0.07493140980255235
0.2749640635912752 -0.07535992570307591
0.27687908128512706 -0.07580168395000522
0.2788034829194277 -0.07625679081560943
0.28073720130750346 -0.07672535225795292
0.2826801666271244 -0.07720747386124224
0.28463230638874676 -0.07770326077459933
0.28659354540424137 -0.07821281764926521
0.28856380575613866 -0.07873624857421964
0.29054300676743117 -0.0792736570102258
0.2925310649719681 -0.07982514572228849
0.29452789408548113 -0.0803908167105355
0.29653340497727954 -0.08097077113951875
0.2985475056426554 -0.0815651092659443
0.3005701011760396 -0.08217393036483596
0.30260109374494604 -0.08279733265413812
0.3046403825647538 -0.08343541321777913
0.30668786387436014 -0.08408826792719107
0.30874343091275747 -0.0847559913613216
0.31080697389656997 -0.08543867672513848
0.31287837999860024 -0.08613641576665679
0.3149575333274292 -0.08684929869250893
0.31704431490811436 -0.08757741408208197
0.31913860266403554 -0.08832084880025286
0.3212402713999308 -0.08907968790874873
0.32334919278617597 -0.08985401457617037
0.3254652353443484 -0.09064390998671419
0.3275882644341313 -0.09144945324762985
0.3297181422415989 -0.09227072129546178
0.3318547277689389 -0.09310778880111448
0.3339978768256565 -0.0939607280737964
0.33614744202131 -0.09482960896389438
0.33830327275982963 -0.09571449876482706
0.3404652152354674 -0.09661546211395164
0.342633112430426 -0.09753256089257069
0.34480680411421943 -0.09846585412511662
0.3469861268448118 -0.09941539787758093
0.3491709139715843 -0.10038124515525802
0.35136099564017825 -0.10136344579988661
0.3535561987992635 -0.10236204638626771
0.35575634720927846 -0.1033770901184403
0.3579612614531888 -0.10440861672550764
0.3601707589493127 -0.10545666235720556
0.36238465396625585 -0.10652125947930574
0.36460275764000216 -0.10760243676895682
0.36682487799320357 -0.10870021901006104
0.36905081995670974 -0.10981462698879992
0.3712803853933815 -0.1109456773894166
0.3735133731242238 -0.1120933826903635
0.3757495789568817 -0.11325775106094074
0.37798879571652966 -0.11443878625853998
0.38023081327919256 -0.11563648752662178
0.3824754186075334 -0.11685084949354652
0.38472239578913164 -0.11808186207240019
0.3869715260772879 -0.11932951036193697
0.3892225879343769 -0.12059377454878088
0.39147535707777537 -0.12187462981102501
0.39372960652838246 -0.12317204622336425
0.3959851066617568 -0.12448598866391401
0.3982416252618806 -0.12581641672285182
0.40049892757756567 -0.1271632846130324
0.4027567763815122 -0.1285265410827287
0.40501493203202427 -0.12990612933064583
0.4072731525373865 -0.13130198692335862
0.40953119362290136 -0.1327140457153329
0.41178880880057933 -0.1341422317716765
0.41404574944148015 -0.13558646529377646
0.41630176485068743 -0.13704666054798045
0.41855660234490116 -0.13852272579747266
0.4208100073326322 -0.1400145632374967
0.42306172339696685 -0.14152206893408306
0.42531149238088 -0.1430451327664291
0.427559054475057 -0.14458363837308227
0.4298041483081902 -0.14613746310207668
0.43204651103970576 -0.14770647796516362
0.43428587845487304 -0.14929054759628935
0.43652198506224543 -0.15088953021444673
0.4387545641933724 -0.15250327759105306
0.44098334810472706 -0.15413163502197022
0.4432080680817732 -0.15577444130431142
0.4454284545451089 -0.15743152871814925
0.44764423715860296 -0.15910272301324577
0.4498551449394473 -0.16078784340091917
0.4520609063700341 -0.16248670255115716
0.4542612495115707 -0.1641991065950716
0.45645590211933224 -0.1659248551327982
0.45864459175945266 -0.16766374124692063
0.4608270459271474 -0.16941555152150484
0.4630029921662584 -0.17118006606681538
0.4651721581900051 -0.17295705854977625
0.4673342720028242 -0.1747462962302329
0.4694890620231711 -0.17654754000306308
0.471636257207162 -0.17836054444617697
0.4737755871729171 -0.18018505787442757
0.4759067823254774 -0.18202082239945955
0.47802957398215296 -0.18386757399549894
0.48014369449816074 -0.18572504257108607
0.4822488773924104 -0.18759295204673526
0.48434485747328715 -0.18947102043850633
0.48643137096428535 -0.1913589599474489
0.4885081556293382 -0.19325647705487484
0.4905749508976939 -0.19516327262341293
0.4926314979881761 -0.1970790420037663
0.4946775400326814 -0.19900347514711064
0.4967128221987487 -0.20093625672302895
0.4987370918110468 -0.20287706624290172
0.500750098471622 -0.20482557818862554
0.5027515941787465 -0.2067814621465534
0.504741333444212 -0.2087443829465124
0.5067190734089095 -0.2107140008057708
0.5086845739565464 -0.21268997147778837
0.5106375978253384 -0.2146719464055962
0.5125779107175344 -0.21665957287963092
0.5145052814066196 -0.21865249419984234
0.5164194818420522 -0.22065034984187976
0.5183202872513932 -0.22265277562716415
0.520207476239687 -0.22465940389663014
0.5220808308859591 -0.2266698636879263
0.5239401368367014 -0.22868378091585032
0.5257851833962149 -0.23070077855578475
0.5276157636136931 -0.23272047682989844
0.5294316743669262 -0.23474249339586992
0.5312327164425182 -0.23676644353788576
0.533018694612512 -0.23879194035965515
0.534789417707322 -0.24081859497918942
0.5365446986848852 -0.2428460167250816
0.538284354695944 -0.24487381333402158
0.5400082071453832 -0.24690159114928026
0.5417160817495486 -0.24892895531989728
0.5434078085894849 -0.250955510000297
0.545083222160036 -0.25298085855006924
0.5467421614147587 -0.2550046037336411
0.5483844698066078 -0.25702634791957035
0.5500099953243615 -0.2590456932791986
0.5516185905247595 -0.26106224198439376
0.5532101125603385 -0.26307559640412165
0.5547844232029521 -0.2650853592995888
0.556341388862978 -0.26709113401770146
0.5578808806042155 -0.2690925246825907
0.5594027741544872 -0.2710891363849584
0.5609069499119707 -0.27308057536900676
0.562393292947285 -0.27506644921671825
0.5638616930013729 -0.2770463670292581
0.5653120444792205 -0.2790199396052857
0.566744246439469 -0.2809867796159586
0.5681582025799751 -0.2829465017764316
0.5695538212193887 -0.2848987230136544
0.5709310152748162 -0.28684306263028225
0.5722897022356525 -0.28877914246452846
0.5736298041336655 -0.29070658704578534
0.5749512475094225 -0.2926250237458657
0.5762539633751569 -0.29453408292571115
0.577537887174177 -0.296433398077438
0.5788029587369223 -0.2983226059615899
0.5800491222337821 -0.3002013467394862
0.5812763261247879 -0.3020692641005583
0.5824845231063046 -0.3039260053845858
0.5836736700548399 -0.30577122169874255
0.5848437279681048 -0.3076045680293863
0.585994661903446 -0.30942570334852804
0.5871264409137935 -0.3112342907149317
0.5882390379812554 -0.31302999736979875
0.5893324299484891 -0.31481249482701884
0.5904065974480034 -0.3165814589579514
0.5914615248295158 -0.3183365700707438
0.5924972000855173 -0.32007751298417414
0.5935136147751843 -0.3218039770960362
0.5945107639467748 -0.3235156564460802
0.5954886460586583 -0.3252122497735405
0.5964472628991168 -0.32689346056928764
0.5973866195050612 -0.3285589971226439
0.5983067240798027 -0.3302085725629242
0.599207587910017 -0.3318419048957553
0.6000892252820464 -0.3334587170342479
0.600951653397666 -0.3350587368250913
0.6017948922894576 -0.33664169706965713
0.6026189647359219 -0.3382073355401979
0.6034238961764564 -0.3397553949912346
0.6042097146263299 -0.3412856231662325
0.6049764505917796 -0.3427977727996712
0.6057241369853508 -0.34429160161461575
0.6064528090415985 -0.3457668723159044
0.607162504233273 -0.3472233525790684
0.6078532621880927 -0.34866081503510465
0.6085251246062237 -0.3500790372512278
0.6091781351785662 -0.3514778017077227
0.6098123395059526 -0.352856895771031
0.6104277850193542 -0.35421611166319983
0.6110245209011969 -0.355555246427825
0.61160259800787 -0.35687410189262325
0.6121620687935218 -0.3581724846287647
0.6127029872352218 -0.3594502059071042
0.613225408759572 -0.3607070816514426
0.6137293901708419 -0.36194293238895575
0.6142149895806984 -0.3631575831979228
0.6146822663395997 -0.3643508636528884
0.615131280969919 -0.3655226077673932
0.6155620951008534 -0.36667265393439996
0.6159747714051809 -0.3678008448645476
0.6163693735379112 -0.36890702752236254
0.6167459660768863 -0.3699910530605493
0.6171046144653685 -0.3710527767524876
0.6174453849566643 -0.3720920579230562
0.617768344560815 -0.3731087598779036
0.6180735609933953 -0.3741027498312796
0.6183611026264434 -0.3750738988325437
0.6186310384415561 -0.3760220816914598
0.6188834379851664 -0.3769471769023843
0.6191183713260294 -0.377849066567452
0.6193359090149305 -0.37872763631886236
0.6195361220466296 -0.3795827752403612
0.6197190818240543 -0.38041437578801346
0.6198848601247468 -0.3812223337103582
0.6200335290695709 -0.3820065479680321
0.6201651610936787 -0.3827669206529459
0.6202798289197399 -0.383503356907093
0.6203776055334232 -0.38421576484106956
0.6204585641611268 -0.384904055452374
0.6205227782499493 -0.3855681425435625
0.6205703214498839 -0.38620794264032043
0.6206012675982242 -0.386823374909516
0.6206156907061623 -0.3874143610772956
0.6206136649475609 -0.3879808253472742
0.6205952646498711 -0.38852269431887826
0.620560564287177 -0.3890398969058851
0.620509638475334 -0.3895323642552126
0.6204425619691721 -0.3900000296659974
0.6203594096617311 -0.39044282850900525
0.6202602565854912 -0.3908606981464126
0.6201451779155626 -0.3912535778519948
0.6200142489747903 -0.3916214087317545
0.6198675452407352 -0.3919641336450217
0.6197051423544828 -0.39228169712605815
0.6195271161312313 -0.3925740453061887
0.6193335425726119 -0.39284112583649033
0.619124497880682 -0.39308288781106304
0.6189000584735426 -0.39329928169090417
0.6186603010025151 -0.39349025922841246
0.6184053023708197 -0.39365577339253993
0.6181351397536919 -0.39379577829462004
0.6178498906198672 -0.3939102291148849
0.6175496327543682 -0.3939990820297014
0.6172344442825186 -0.3940622941395444
0.616904403695112 -0.39409982339773164
0.6165595898746535 -0.3941116285399425
0.6162000821225965 -0.39409766901455034
0.6158259601874864 -0.39405790491378995
0.6154373042939271 -0.3939922969057962
0.6150341951722762 -0.39390080616753936
0.6146167140889786 -0.39378339431869763
0.6141849428774344 -0.39364002335650167
0.6137389639693089 -0.3934706555915944
0.613278860426172 -0.39327525358495324
0.6128047159713612 -0.3930537800859229
0.6123166150219616 -0.3928061979714194
0.6118146427207779 -0.39253247018636217
0.6112988849681871 -0.3922325596854066
0.6107694284537453 -0.39190642937604797
0.6102263606874203 -0.3915540420631833
0.6096697700303242 -0.3911753603952154
0.6090997457248045 -0.39077034681180384
0.6085163779237589 -0.3903389634933641
0.6079197577190321 -0.38988117231243824
0.6073099771687434 -0.38939693478705856
0.6066871293233984 -0.3888862120362481
0.606051308250627 -0.3883489647378072
0.6054026090583912 -0.3877851530885439
0.6047411279164979 -0.387194736767133
0.6040669620762519 -0.38657767489978645
0.6033802098880761 -0.3859339260289449
0.6026809708169278 -0.38526344808520463
0.6019693454553302 -0.38456619836272227
0.6012454355338384 -0.3838421334983492
0.6005093439287551 -0.3830912094547627
0.59976117466691 -0.3823133815078899
0.5990010329273054 -0.3815086042389296
0.5982290250394383 -0.3806768315313042
0.5974452584781036 -0.37981801657289116
0.5966498418544723 -0.3789321118639076
0.5958428849032493 -0.3780190692308428
0.5950244984657009 -0.37707883984685897
0.5941947944683545 -0.37611137425910296
0.5933538858971561 -0.37511662242339566
0.5925018867668798 -0.3740945337467966
0.5916389120855878 -0.373045057138562
0.5907650778139227 -0.3719681410700435
0.5898805008190312 -0.3708637336441057
0.5889852988229105 -0.36973178267466145
0.5880795903449726 -0.36857223577696246
0.5871634946386214 -0.36738504046929965
0.5862371316216448 -0.36617014428680894
0.5853006218002235 -0.3649274949081003
0.5843540861863596 -0.3636570402954554
0.5833976462085445 -0.3623587288493791
0.5824314236154728 -0.3610325095783052
0.5814555403726351 -0.35967833228429597
0.5804701185516122 -0.3582961477655976
0.5794752802119119 -0.3568859080369469
0.5784711472751954 -0.35544756656853815
0.5774578413917516 -0.35398107854460337
0.576435483799079 -0.3524864011425628
0.5754041951724648 -0.35096349383373865
0.5743640954674434 -0.3494123187066349
0.5733153037540464 -0.3478328408138126
0.5722579380427577 -0.34622502854339315
0.5711921151021143 -0.3445888540162432
0.5701179502679015 -0.34292429350989667
0.569035557243917 -0.34123132791027105
0.5679450478942873 -0.33950994319224215
0.5668465320273498 -0.3377601309301244
0.5657401171711294 -0.33598188883909913
0.5646259083404587 -0.33417522134861355
0.563504007795823 -0.33234014020874575
0.5623745147940196 -0.33047666513049895
0.561237525330762 -0.32858482446095316
0.5600931318753735 -0.3266646558941426
0.5589414230977446 -0.3247162072184779
0.5577824835877561 -0.32273953710145625
0.5566163935673942 -0.3207347159123248
0.5554432285958135 -0.3187018265832709
0.5542630592676291 -0.3166409655096036
0.5530759509047485 -0.3145522434892757
0.5518819632420764 -0.312435786701959
0.5506811501074601 -0.3102917377277428
0.5494735590962588 -0.3081202566053459
0.5482592312409543 -0.30592152192957356
0.547038200676235 -0.30369573198752126
0.5458104943000153 -0.3014431059328381
0.5445761314308651 -0.29916388499709634
0.5433351234623461 -0.296858333737074
0.5420874735147607 -0.29452674131646756
0.5408331760848362 -0.29216942282024855
0.5395722166938688 -0.2897867205995544
0.5383045715348589 -0.28737900564465607
0.5370302071191594 -0.2849466789831726
0.535749079923162 -0.28249017310029706
0.5344611360355218 -0.28000995337739354
0.5331663108054009 -0.27750651954486427
0.5318645284921935 -0.274980407144715
0.5305557019171342 -0.272432188997767
0.5292397321171725 -0.2698624766699225
0.5279165080014125 -0.2672719219313527
0.526585906010365 -0.2646612182019181
0.525247789778166 -0.26203110197551954
0.5239020097978276 -0.2593823542154759
0.5225484030894653 -0.2567158017123799
0.5211867928713273 -0.2540323183952215
0.5198169882332927 -0.25133282658589984
0.5184387838123449 -0.24861829818652448
0.5170519594693241 -0.2458897557882067
0.5156562799660535 -0.24314827368930364
0.514251494641677 -0.24039497881031063
0.5128373370867635 -0.23763105149185806
0.5114135248134217 -0.23485772616146106
0.5099797589192905 -0.2320762918539007
0.5085357237428717 -0.22928809256928764
0.507081086507192 -0.22649452745206464
0.5056154969482421 -0.22369705077335136
0.5041385869240418 -0.22089717169821108
0.5026499699994493 -0.2180964538185576
0.5011492410010505 -0.21529651443154144
0.4996359755355081 -0.21249902354238442
0.498109729463667 -0.20970570256972482
0.49657003832146823 -0.20691832273058391
0.495016416677229 -0.20413870308114096
0.49344835741314325 -0.20136870818849087
0.49186533091683005 -0.19861024540753153
0.49026678416637454 -0.1958652617360484
0.4886521396895039 -0.19313574021990534
0.4870207943741976 -0.19042369587904923
0.4853721181040934 -0.1877311711236926
0.48370545218732885 -0.18506023062862598
0.48202010754185115 -0.18241295563203364
0.4803153625935026 -0.17979143762344363
0.47859046083514606 -0.17719777138349077
0.476844607985411 -0.17463404733596985
0.4750769686740232 -0.1721023431701198
0.47328666256663426 -0.16960471468816507
0.47147275982512765 -0.16714318582974352
0.46963427577885036 -0.1647197378208513
0.4677701646573439 -0.16233629739012234
0.4658793122048809 -0.15999472398961279
0.463960526960279 -0.15769679595026714
0.4620125299404673 -0.1554441954938565
0.46003394241124657 -0.1532384925127407
0.4580232713611596 -0.15108112701599577
0.4559788922113894 -0.1489733901243809
0.4538990281922449 -0.1469164034765804
0.451781725690328 -0.1449110968838493
0.4496248247137109 -0.14295818403814387
0.4474259234276285 -0.1410581360382755
0.4451823354704705 -0.13921115244668805
0.4428910384565273 -0.13741712952336058
0.4405486116920323 -0.13567562519847515
0.4381511606539777 -0.13398582023674435
0.43569422518089795 -0.13234647490654464
0.43317266756819683 -0.13075588028757335
0.43058053580588335 -0.1292118031201618
0.42791089599153603 -0.1277114228037512
0.42515562643163185 -0.1262512587738547
0.42230516403266455 -0.1248270860050581
0.41934819119007233 -0.12343383577813383
0.4162712484107589 -0.12206547808613938
0.4130582542623681 -0.12071488111319013
0.4096899098716436 -0.11937364208648613
0.40614296012848794 -0.11803188248989534
0.4023892782256543 -0.11667799920575253
0.39839473481207305 -0.11529836180594175
0.3941178092579977 -0.11387694534535045
0.38950790110356137 -0.11239488841491699
0.3845033098921796 -0.11082996936611204
0.3790288805463323 -0.10915600214840838
0.37299337496546625 -0.10734217154557706
0.36628675383269255 -0.10535236283924247
0.358777772872247 -0.10314460344972132
0.35031266236246356 -0.10067083700733694
0.34071621023626825 -0.09787740506706376
0.32979730010098324 -0.09470681512438611
0.31736170801734764 -0.09110157943600981
0.3032352632139253 -0.08701098188218441
0.2872993899562885 -0.08240130380743332
0.269537316035183 -0.07726896352060598
0.250082243754575 -0.07165403674824986
0.22925049595055028 -0.0656493031051157
0.20753901126154947 -0.05939900169954122
0.18557476774222104 -0.05308389683480307
0.16402420624629718 -0.04689511866907728
0.14349169842116807 -0.04100515229627114
0.12444148584249647 -0.03554575943983862
0.10716326461392314 -0.030598464206426666
0.09177985633695453 -0.026197031919382385
0.07828112213516254 -0.02233735054548478
0.06656626886737424 -0.01898961087752242
0.056482330714373905 -0.016109322087902066
0.04785351572906968 -0.013645677009331038
0.04050089805192677 -0.01154714256265629
0.03425418296467144 -0.009764782855179076
0.02895780861296735 -0.008253968424354378
0.024473375553919163 -0.006975042762124377
0.020679884531044784 -0.005893369087960486
0.017472779844119435 -0.004979041415471041
0.014762425045065442 -0.004206437831755284
0.012472382165784756 -0.003553720977964448
0.010537700969067636 -0.0030023438417093973
0.008903323629081401 -0.0025365902882971136
0.00752265079520621 -0.0021431629433711404
0.006356281560736834 -0.001810821627616064
0.00537092213331383 -0.0015300705863475136
0.004538449473039072 -0.0012928903976434794
0.0038351128371490687 -0.0010925095505122293
0.0032408556688673577 -0.0009232105814615924
0.002738741200435922 -0.0007801659541663247
0.0023144667190053525 -0.0006592993384466225
0.0019559532308370095 -0.0005571684687198059
0.0016529990269474719 -0.00047086627883626117
0.0013969872901416702 -0.00039793748269355224
0.001180639344738803 -0.00033630819412872775
0.0009978064262747871 -0.0002842265456834203
0.0008432939468518047 -0.00024021258330016735
0.0007127131700182407 -0.0002030159819749121
0.0006023560046884682 -0.00017158035682081729
0.0005090893010480724 -0.00014501313606973102
0.000430265599397049 -0.00012256012583974045
0.00036364776198933533 -0.0001035840328292535
0.0003073453212355181 -0.00008754632697551676
0.0002597607175052122 -0.00007399192310113509
0.00021954388581106574 -0.00006253624172829344
0.0001855538919564297 -0.000052854279046191447
0.00015682652136923247 -0.00004467137316795607
0.00013254689558159653 -0.00003775540268092459
0.00011202633495843656 -0.000031910195534892305
0.0000946828086682595 -0.00002696995945257126
0.00008002441475825022 -0.000022794576014950844
0.00006763542041309907 -0.00001926562399212168
0.000057164465343209695 -0.000016283018836651087
0.000048314592585322045 -0.000013762172956351502
0.00004083482388984665 -0.000011631595753786384
0.00003451303979953874 -0.000009830865651262945
0.000029169962647004748 -0.000008308915990784312
0.000024654071330961176 -0.000007022586503891934
0.000020837303635804966 -0.000005935399155266416
0.000017611424043208145 -0.000005016523504258917
0.000014884954008370217 -0.000004239902262516435
0.000012580577530969818 -0.000003583512340619393
0.000010632948478869305 -0.000003028740153979772
0.000008986837363156047 -0.0000025598538562383294
0.000007595565095154048 -0.000002163557127555725
0.000006419679222992217 -0.000001828612119279458
0.000005425835111366479 -0.0000015455207563128016
0.000004585850317588161 -0.0000013062554796028196
0.000003875905487468596 -0.0000011040313690198736
0.0000032758687714602275 -9.331140472407864e-7
0.0000027687250272783423 -7.886567877386452e-7
0.0000023400932742924278 -6.665632853570039e-7
0.000001977818875770212 -5.633713378326346e-7
0.0000016716289221826913 -4.761547110498352e-7
0.0000014128408420320938 -4.024402929951258e-7
0.0000011941162620137643 -3.4013773713333826e-7
0.0000010092528559964025 -2.8748038209673697e-7
8.530085165912001e-7 -2.429749839691002e-7
7.209526619843549e-7 -2.053595732102245e-7
6.093406280954763e-7 -1.735674698403112e-7
5.150074682363889e-7 -1.4669716119345193e-7
4.3527819651844863e-7 -1.2398669743015935e-7
3.6789196442893915e-7 -1.0479209207512638e-7
3.109379252684413e-7 -8.856902113967992e-8
2.6280104908172364e-7 -7.485749656954156e-8
2.221163400641039e-7 -6.326866230565973e-8
1.8773008632073548e-7 -5.347394055429124e-8
1.5866724916968143e-7 -4.519553378006577e-8
1.3410367461138706e-7 -3.8198728188701937e-8
1.1334283767112917e-7 -3.228511252929258e-8
9.579601667395614e-8 -2.728699451483715e-8
8.096566614348684e-8 -2.3062628344020023e-8
6.84312200949108e-8 -1.9492267211477782e-8
5.783725925315332e-8 -1.647464802427055e-8
4.888335767242486e-8 -1.3924180381731e-8
4.1315636430013144e-8 -1.1768541255864725e-8
3.491949322254651e-8 -9.946635854248585e-9
2.9513531491255546e-8 -8.406777070782851e-9
2.494449337880045e-8 -7.105318471032413e-9
2.1082792460327795e-8 -6.005320198875949e-9
1.7818921996917092e-8 -5.0756170611062445e-9
1.5060346180320065e-8 -4.28986799596865e-9
1.2728819635912355e-8 -3.6257313273846063e-9
1.0758246523580147e-8 -3.0644309023698553e-9
9.092748258857421e-9 -2.590024508799668e-9
7.685081276089916e-9 -2.189053266886219e-9
6.495336700729745e-9 -1.8501626758326478e-9
5.489783472693687e-9 -1.5637342929833847e-9
4.639902259272972e-9 -1.3216542838317902e-9
3.921592404737169e-9 -1.1170424524430859e-9
3.314473987597715e-9 -9.441233238262573e-10
2.8013558460235334e-9 -7.979492398428097e-10
2.36767593015818e-9 -6.744220177611097e-10
2.0011261126888858e-9 -5.700062262443829e-10
1.6913247296703756e-9 -4.817637654058256e-10
1.4294991462416429e-9 -4.0718217600332676e-10
1.2081931631932896e-9 -3.4413506070952475e-10
1.021146618330986e-9 -2.90871090112368e-10
8.630626626494697e-10 -2.4584282377267994e-10
7.294495785124729e-10 -2.077791222648884e-10
6.165248301037944e-10 -1.7561119954978968e-10
5.210832821408166e-10 -1.484250014707358e-10
4.404079076464072e-10 -1.2545340454160865e-10
3.722256345603217e-10 -1.060198590512176e-10
3.146038775213374e-10 -8.961914458194151e-11
2.658987611626883e-10 -7.574703403643921e-11
2.247385814571979e-10 -6.400360982331955e-11
1.8994367703304673e-10 -5.4100041345081525e-11
1.6053672172654195e-10 -4.573144285869273e-11
1.356842516456922e-10 -3.864588157079767e-11
1.1467235964125976e-10 -3.267052300581194e-11
9.693017839841455e-11 -2.760084471503986e-11
8.192043377747199e-11 -2.333669456319638e-11
6.924500803608848e-11 -1.970764703307695e-11
5.851618063156725e-11 -1.6684816691499432e-11
4.94690117774282e-11 -1.4082807407157398e-11
4.180201215912906e-11 -1.1926590472741197e-11
3.53302271163102e-11 -1.0060800529114714e-11
2.98622928728785e-11 -8.495799765347928e-12
2.5233513846653186e-11 -7.201045547308608e-12
2.1333640396721005e-11 -6.075209996973161e-12
1.802893979050738e-11 -5.127751527194732e-12
1.52416460087866e-11 -4.350688170835954e-12
1.2882199163078449e-11 -3.6570899944872715e-12
1.0886434991665033e-11 -3.097651340926427e-12
9.203255669232347e-12 -2.62348541981332e-12
7.776838040517043e-12 -2.2152243510091224e-12
6.576630474551465e-12 -1.8751875489163312e-12
5.5543090296336936e-12 -1.5820492294812563e-12
4.702374492202352e-12 -1.3377672966187962e-12
3.969585478858502e-12 -1.1302632201186674e-12
3.359414208021545e-12 -9.558019473947193e-13
2.8338098351627466e-12 -8.186607967645734e-13
2.3963881367868316e-12 -6.782964555125612e-13
2.0210356957052273e-12 -5.811259480992491e-13
1.7142857301197677e-12 -4.773587079656318e-13
1.4505795995642473e-12 -4.189239608295229e-13
1.2278417552345265e-12 -3.4696464153242326e-13
1.0373198720393146e-12 -2.892225116043709e-13
8.685972947202479e-13 -2.569027288036898e-13
7.408430036269685e-13 -2.1105837384200786e-13
6.291966931009414e-13 -1.72322613564848e-13
5.307409214450704e-13 -1.499427018155572e-13
4.472835769117323e-13 -1.2364698223630906e-13
3.7993421294564374e-13 -1.0445985734158063e-13
3.2119361598553875e-13 -9.433923104635099e-14
2.768966694256064e-13 -7.479059566392418e-14
2.291275044462213e-13 -5.897701286760698e-14
1.9107665991753614e-13 -6.325433118526568e-14
1.594154755053992e-13 -5.454934307346735e-14
1.4164316477107564e-13 -3.0904144617232216e-14
1.2261774250673325e-13 -3.304280377606174e-14
9.498355323640868e-14 -2.6114964335393423e-14
7.998512611387832e-14 -3.003077216535268e-14
7.429380080499069e-14 -1.1717019722506526e-14
5.5268378540648575e-14 -1.385567888133632e-14
5.179616012119526e-14 -1.7590731467445536e-14
5.0131829954119555e-14 -1.0541276957290259e-15
3.971517469575972e-14 -1.225928545405682e-14
3.277073785685315e-14 -1.9729390626275336e-14
3.110640768977748e-14 -3.192786854558814e-15
2.4161970850870932e-14 -1.0662892026777362e-14
2.2497640683795267e-14 5.873711744939151e-15
2.0134975709059098e-14 -8.8857433556478e-15
8.608767005982188e-15 -9.066498599497953e-15
1.555320384488872e-14 -1.5963934272793947e-15
8.608767005982186e-15 -9.066498599497952e-15
1.5553203844888717e-14 -1.5963934272793898e-15
8.60876700598218e-15 -9.066498599497949e-15
1.499842712253016e-14 3.915807829959452e-15
