-0.8808237761395359 -0.8652585085994
-0.8802505137344265 -0.8578419532219331
-0.879671405233523 -0.8504151852659961
-0.879086369886571 -0.8429784287352896
-0.8784953260305828 -0.8355319062364434
-0.8778981911182682 -0.8280758389804838
-0.8772948817456571 -0.8206104467852778
-0.8766853136789154 -0.813135948078923
-0.8760694018803555 -0.8056525599040524
-0.875447060533642 -0.7981604979230262
-0.8748182030681998 -0.7906599764239797
-0.8741827421828282 -0.7831512083276977
-0.8735405898685271 -0.775634405195289
-0.8728916574305442 -0.7681097772366308
-0.8722358555096509 -0.7605775333195555
-0.8715730941026566 -0.7530378809797549
-0.8709032825821721 -0.7454910264313725
-0.870226329715633 -0.7379371745782597
-0.8695421436835945 -0.7303765290258696
-0.8688506320973118 -0.722809292093764
-0.8681517020156175 -0.7152356648287095
-0.8674452599611105 -0.7076558470183384
-0.8667312119356714 -0.7000700372053524
-0.8660094634353169 -0.692478432702246
-0.8652799194644115 -0.684881229606528
-0.8645424845492483 -0.6772786228164217
-0.8637970627510173 -0.6696708060470208
-0.8630435576781758 -0.6620579718468836
-0.8622818724982372 -0.6544403116150462
-0.8615119099489951 -0.6468180156184353
-0.8607335723491975 -0.6391912730096649
-0.8599467616086891 -0.6315602718451991
-0.8591513792380382 -0.6239251991038648
-0.8583473263576629 -0.6162862407056995
-0.8575345037064748 -0.6086435815311194
-0.8567128116500563 -0.6009974054403942
-0.8558821501883872 -0.5933478952934139
-0.8550424189631373 -0.5856952329697384
-0.8541935172645404 -0.5780395993889138
-0.8533353440378671 -0.5703811745310489
-0.8524677978895101 -0.5627201374576375
-0.851590777092699 -0.5550566663326209
-0.8507041795928594 -0.5473909384436777
-0.8498079030126309 -0.5397231302237369
-0.84890184465656 -0.5320534172727028
-0.8479859015154809 -0.5243819743793894
-0.8470599702705991 -0.5167089755436537
-0.846123947297292 -0.5090345939987271
-0.8451777286686397 -0.501359002233737
-0.8442212101586991 -0.49368237201641674
-0.8432542872455342 -0.48600487441600043
-0.8422768551140157 -0.4783266798262996
-0.8412888086584017 -0.470647957988961
-0.8402900424847103 -0.46296887801690406
-0.8392804509128973 -0.45528960841793864
-0.8382599279788489 -0.44761031711856203
-0.8372283674361998 -0.4399311714879386
-0.8361856627579873 -0.4322523383620621
-0.8351317071381515 -0.4245739840681053
-0.8340663934928897 -0.4168962744489585
-0.832989614461875 -0.40921937488796273
-0.8319012624093474 -0.40154345033384214
-0.8308012294250844 -0.3938686653258407
-0.8296894073252603 -0.38619518401907077
-0.8285656876531994 -0.37852317021008014
-0.8274299616800309 -0.3708527873626455
-0.8262821204052515 -0.3631841986338019
-0.8251220545572009 -0.35551756690011704
-0.8239496545934555 -0.347853054784221
-0.8227648107011454 -0.3401908246816033
-0.821567412797198 -0.3325310387876882
-0.8203573505285132 -0.3248738591252024
-0.8191345132720715 -0.31721944757184767
-0.8178987901349795 -0.309567965888294
-0.8166500699544538 -0.30191957574650813
-0.8153882412977457 -0.29427443875843423
-0.8141131924620071 -0.2866327165050437
-0.8128248114740985 -0.2789945705657723
-0.8115229860903393 -0.27136016254836426
-0.8102076037962002 -0.26372965411914245
-0.8088785518059352 -0.2561032070337271
-0.8075357170621544 -0.2484809831682235
-0.8061789862353329 -0.24086314455090346
-0.8048082457232543 -0.23324985339440318
-0.8034233816503858 -0.22564127212846388
-0.8020242798671815 -0.21803756343324082
-0.8006108259493079 -0.21043889027320842
-0.7991829051967898 -0.20284541593168998
-0.7977404026330681 -0.1952573040460418
-0.7962832030039658 -0.18767471864352248
-0.7948111907765554 -0.1800978241778799
-0.7933242501379195 -0.17252678556668893
-0.7918222649937993 -0.16496176822947506
-0.7903051189671207 -0.1574029381266595
-0.7887726953963914 -0.14985046179936382
-0.7872248773339579 -0.1423045064101123
-0.7856615475441152 -0.13476523978447297
-0.784082588501057 -0.12723283045367845
-0.7824878823866569 -0.11970744769827049
-0.7808773110880687 -0.11218926159281258
-0.7792507561951354 -0.10467844305171731
-0.7776080989975935 -0.09717516387623668
-0.7759492204820614 -0.08967959680266495
-0.7742740013287968 -0.08219191555180576
-0.7725823219082127 -0.0747122948797568
-0.7708740622771357 -0.06724091063006717
-0.7691491021747932 -0.059777939787324735
-0.7674073210185152 -0.05232356053223223
-0.7656485978991356 -0.04487795229823338
-0.7638728115760782 -0.037441295829752086
-0.7620798404721102 -0.030013773242109916
-0.7602695626677499 -0.02259556808318933
-0.7584418558953115 -0.015186865396912325
-0.7565965975325697 -0.007787851788606445
-0.7547336645960301 -0.00039871549233258443
-0.7528529337337871 0.006980353559748679
-0.7509542812179546 0.014349163665892874
-0.7490375829366507 0.021707521281087654
-0.7471027143855234 0.029055230941084486
-0.7451495506587981 0.03639209518405872
-0.7431779664398322 0.043717914469807974
-0.7411878359911624 0.05103248709639585
-0.739179033144026 0.05833560911414505
-0.737151431287345 0.0656270742368809
-0.7351049033561561 0.07290667375032324
-0.7330393218194745 0.08017419641752138
-0.7309545586675767 0.0874294283812235
-0.7288504853986917 0.09467215306306853
-0.7267269730050886 0.10190215105948527
-0.7245838919585509 0.10911920003417962
-0.7224211121952276 0.1163230746070874
-0.720238503099855 0.12351354623966669
-0.7180359334893415 0.13069038311639922
-0.7158132715957123 0.13785335002236737
-0.7135703850484113 0.14500220821676843
-0.7113071408559587 0.15213671530222456
-0.7090234053869676 0.15925662508974206
-0.7067190443505229 0.16636168745917002
-0.7043939227759297 0.17345164821500353
-0.7020479049918413 0.1805262489373728
-0.6996808546047802 0.1875852268280548
-0.697292634477068 0.19462831455133991
-0.694883106704186 0.20165524006958085
-0.6924521325915897 0.2086657264732477
-0.689999572631008 0.21565949180530686
-0.6875252864762601 0.2226362488797387
-0.6850291329186294 0.22959570509400234
-0.6825109698618407 0.23653756223525255
-0.6799706542966901 0.24346151628010865
-0.6774080422753878 0.2503672571877706
-0.6748229888856766 0.25725446868627244
-0.6722153482248012 0.2641228280516599
-0.6695849733734079 0.2709720058798724
-0.6669317163694657 0.27780166585110755
-0.6642554281823091 0.28461146448643937
-0.6615559586869126 0.29140105089645957
-0.6588331566385194 0.29817006652170513
-0.6560868696477565 0.30491814486463253
-0.6533169441563857 0.3116449112128945
-0.6505232254138489 0.318349982353672
-0.6477055574547856 0.32503296627881006
-0.6448637830777139 0.3316934618805032
-0.6419977438250847 0.3383310586372734
-0.6391072799649382 0.34494533628997986
-0.6361922304744105 0.3515358645075982
-0.6332524330253612 0.35810220254250424
-0.6302877239724144 0.36464389887499443
-0.6272979383437339 0.37116049084677505
-0.6242829098348757 0.37765150428314886
-0.6212424708060934 0.38411645310362735
-0.6181764522835027 0.3905548389206953
-0.6150846839645432 0.39696615062645246
-0.6119669942282131 0.40334986396685596
-0.6088232101505923 0.40970544110328605
-0.605653157526208 0.41603233016115365
-0.6024566608958466 0.42232996476526746
-0.5992335435814616 0.42859776356167284
-0.5959836277288799 0.4348351297256705
-0.5927067343590691 0.44104145045571524
-0.5894026834287871 0.44721609645288585
-0.5860712939015045 0.4533584213856047
-0.582712383829563 0.4594677613392694
-0.5793257704486131 0.4655434342504368
-0.5759112702854597 0.4715847393251736
-0.5724686992805436 0.477590956441151
-0.568997872926385 0.4835613455330194
-0.5654986064234382 0.4894951459605399
-0.5619707148549242 0.4953915758588845
-0.5584140133823593 0.5012498314704272
-0.5548283174636433 0.5070690864572448
-0.5512134430957558 0.5128484911934139
-0.5475692070842977 0.5185871720360342
-0.5438954273423394 0.5242842305737098
-0.5401919232212886 0.5299387428509882
-0.5364585158767717 0.53554975856697
-0.5326950286728531 0.5411163002459557
-0.5289012876282891 0.5466373623775848
-0.5250771219089493 0.5521119105234187
-0.5212223643710403 0.5575388803863254
-0.5173368521603628 0.562917176838305
-0.5134204273735228 0.56824567290154
-0.5094729377878428 0.5735232086764336
-0.5054942376676982 0.5787485902091803
-0.5014841886561714 0.583920588289965
-0.49744266076232424 0.5890379371711572
-0.49336953345608875 0.5940993331928192
-0.4892646968848405 0.5991034333004018
-0.48512805322823915 0.6040488534366051
-0.4809595182110136 0.6089341667859313
-0.4767590227971809 0.6137579018463648
-0.47252651509391325 0.61851854029774
-0.46826196249915175 0.6232145146305688
-0.46396535413442835 0.6278442054922085
-0.45963670361362424 0.6324059386990444
-0.4552760522101109 0.6368979818535787
-0.4508834724996244 0.6413185404936599
-0.4464590725752835 0.6456657536871476
-0.44200300095568656 0.6499376889686682
-0.4375154523387677 0.6541323364951902
-0.43299667439545814 0.6582476022732984
-0.42844697585146546 0.6622813002824612
-0.42386673617719056 0.6662311432843321
-0.4192564173012728 0.6700947320670886
-0.41461657789138284 0.6738695428247399
-0.40994789091928197 0.6775529123128136
-0.4052511654639007 0.6811420203524693
-0.40052737403236105 0.684633869173636
-0.3957776871325409 0.6880252589936744
-0.3910035174679907 0.6913127591223062
-0.38620657702989797 0.6944926737704185
-0.38138895165566167 0.6975610016307336
-0.37655319949629856 0.7005133882159926
-0.3717024825667497 0.7033450699337516
-0.3668407445666023 0.7060508090419653
-0.36197295407957664 0.7086248191524713
-0.3571054409864416 0.7110606821892512
-0.35224636665721204 0.7133512603533995
-0.34740638655769923 0.715488612009243
-0.3425995879547156 0.7174639309532984
-0.33784481265928984 0.7192675487571241
-0.33316749133389456 0.7208890774241818
-0.32860207774653943 0.7223178353392321
-0.32419496479687354 0.723543801192075
-0.320007154637325 0.7245594537736779
-0.3161146414170098 0.725362841260221
-0.3126026530694463 0.7259617099147792
-0.30954981648514346 0.7263770788797363
-0.30700439935362944 0.7266429823315584
-0.3049659512663571 0.7268001879928228
-0.3033869510242207 0.7268868031121665
-0.30219245749455265 0.7269318078364237
-0.30130221106159333 0.7269540257272237
-0.30064439086199285 0.7269644142167639
-0.3001605633311692 0.7269689124459421
-0.2998055521559223 0.7269705936651478
-0.29954536111430297 0.726970995977057
-0.2993547637545642 0.7269708662797331
-0.2992151741768083 0.7269705542524535
-0.2991129471192011 0.7269702146180756
-0.29903808122583997 0.7269699088858453
-0.29898325125746933 0.7269696556704198
-0.2989430934505881 0.7269694551113878
-0.2989136804994264 0.7269693004120196
-0.2988921367528327 0.7269691830592832
-0.2988763564579953 0.7269690950021018
-0.2988647975245492 0.7269690294082395
-0.2988563305721423 0.726968980790347
-0.2988501284325453 0.7269689448789731
-0.29884558525462324 0.7269689184169544
-0.2988422572741252 0.7269688989508456
-0.2988398194414801 0.7269688846482235
-0.2988380336590478 0.7269688741483777
-0.2988367255187023 0.7269688664449006
-0.2988357672639753 0.726968860795502
-0.2988350653106847 0.7269688566537658
-0.29883455110614177 0.7269688536180201
-0.2988341744336238 0.7269688513932854
-0.2988338985078919 0.7269688497630864
-0.29883369638260476 0.7269688485686411
-0.29883354831869074 0.7269688476935249
-0.2988334398566183 0.7269688470523955
-0.298833360404288 0.7269688465827048
-0.2988333022026197 0.7269688462386181
-0.2988332595678162 0.726968845986551
-0.298833228336296 0.7269688458018966
-0.29883320545808817 0.7269688456666271
-0.2988331886989802 0.7269688455675359
-0.29883317642233226 0.7269688454949469
-0.29883316742924704 0.7269688454417723
-0.2988331608414892 0.7269688454028198
-0.29883315601571997 0.7269688453742855
-0.29883315248067066 0.7269688453533831
-0.29883314989112 0.7269688453380714
-0.29883314799418115 0.7269688453268548
-0.29883314660460525 0.7269688453186384
-0.298833145586691 0.7269688453126195
-0.29883314484103213 0.7269688453082106
-0.29883314429481034 0.7269688453049806
-0.29883314389468313 0.7269688453026147
-0.29883314360157587 0.7269688453008812
-0.2988331433868639 0.726968845299612
-0.2988331432295799 0.7269688452986819
-0.29883314311436376 0.7269688452980004
