2.292431917944751 -0.8695282368975649
2.2897551446915845 -0.8663478392987597
2.287077754099559 -0.8631233916214379
2.284399855816817 -0.8598548632948749
2.2817215615180197 -0.8565422348008734
2.2790429847643043 -0.8531854977026797
2.276364240858598 -0.8497846546587915
2.273685446696593 -0.8463397194216234
2.2710067206137023 -0.8428507168210486
2.268328182228342 -0.8393176827328871
2.265649952281887 -0.8357406640324642
2.2629721524756716 -0.8321197185334116
2.2602949053054138 -0.8284549149119353
2.2576183338934475 -0.8247463326168226
2.254942561819162 -0.8209940617655086
2.252267712948051 -0.8171982030265666
2.2495939112597747 -0.8133588674890323
2.2469212806756445 -0.8094761765190094
2.244249944885941 -0.8055502616040464
2.2415800271774695 -0.8015812641858063
2.2389116502617603 -0.7975693354815855
2.236244936104309 -0.7935146362952668
2.2335800057552504 -0.7894173368183173
2.230916979181853 -0.7852776164214652
2.2282559751032003 -0.7810956634377079
2.225597110827427 -0.7768716749373193
2.222940502091855 -0.7726058564955394
2.2202862629063675 -0.7682984219536313
2.217634505400335 -0.7639495931740051
2.214985339673399 -0.7595595997901013
2.212338873650403 -0.755128678951731
2.209695212940725 -0.7506570750665619
2.2070544607022726 -0.7461450395384355
2.2044167175103637 -0.7415928305031844
2.201782081231699 -0.7370007125626123
2.199150646903618 -0.7323689565172786
2.196522506618809 -0.7276978390987126
2.193897749415612 -0.7229876427016643
2.191276461174053 -0.7182386551169739
2.1886587245177065 -0.7134511692656195
2.186044618721482 -0.7086254829344769
2.183434219625394 -0.7037618985143002
2.1808275995543727 -0.6988607227404012
2.178224827244137 -0.6939222664364815
2.1756259677731458 -0.6889468442620366
2.173031082500625 -0.6839347744637276
2.1704402290106386 -0.6788863786310823
2.167853461062178 -0.6738019814568571
2.1652708285452054 -0.668681910502367
2.162692377442593 -0.6635264959680536
2.1601181497978694 -0.6583360704695373
2.1575481836886863 -0.6531109688193715
2.1549825132058973 -0.6478515278146838
2.152421168438133 -0.6425580860308692
2.1498641754617496 -0.6372309836214667
2.1473115563360143 -0.631870562124333
2.144763329103386 -0.6264771642741958
2.1422195077947426 -0.621051133821651
2.1396801024393963 -0.6155928153586454
2.1371451190797397 -0.6101025541504623
2.134614559790352 -0.604580695974214
2.1320884227013996 -0.599027586963821
2.129566702026155 -0.5934435734614445
2.1270493880924572 -0.5878290018753227
2.124536467377941 -0.5821842185439442
2.1220279225488508 -0.5765095696064821
2.1195237325022607 -0.5708054008793992
2.117023872411527 -0.5650720577391212
2.1145283137747866 -0.5593098850106698
2.1120370244663245 -0.5535192268621361
2.1095499687906427 -0.5477004267048656
2.1070671075390424 -0.5418538270992249
2.1045883980485587 -0.5359797696658085
2.1021137942630714 -0.5300785950019443
2.0996432467964286 -0.5241506426033505
2.097176702997419 -0.5181962507907931
2.094714107016432 -0.5122157566415936
2.0922553998736495 -0.506209495925832
2.089800519528621 -0.5001778030470928
2.087349400951067 -0.4941210109875983
2.084901976192776 -0.48803945125757664
2.0824581744604456 -0.4819334538487117
2.0800179221893442 -0.475803347191524
2.077581143117653 -0.46964945811653297
2.0751477583613713 -0.4634721118190544
2.072717686489657 -0.4572716318274886
2.070290843600495 -0.45104833997495786
2.067867143396576 -0.4448025563741559
2.065446497261279 -0.4385345993952739
2.063028814334664 -0.432244785646873
2.0606140015893706 -0.42593342995957584
2.0582019639063334 -0.4196008453724538
2.0557926041502275 -0.4132473431219916
2.0533858232445623 -0.40687323263351327
2.050981520246344 -0.4004788215149596
2.0485795924202344 -0.3940644155529096
2.046179935312139 -0.3876303187107443
2.043782442822155 -0.38117683312885436
2.041387007276826 -0.3747042591267972
2.0389935195006386 -0.3682128952073144
2.036601868886719 -0.36170303806212256
2.0342119434666732 -0.35517498257939745
2.031823629979529 -0.3486290218528715
2.0294368139397436 -0.34206544719247217
2.0270513797042318 -0.33548454813643097
2.024667210538391 -0.3288866124647954
2.0222841886810854 -0.32227192621428224
2.0199021954085654 -0.3156407736944119
2.017521111097303 -0.3089934375048677
2.015140815285714 -0.30233019855402776
2.012761186734761 -0.2956513360786192
2.0103821034874074 -0.288957127664448
2.0080034429269307 -0.28224784926816093
2.005625081834066 -0.27552377523999866
2.003246896442986 -0.26878517834750093
2.0008687624961086 -0.2620323298001289
1.99849055529773 -0.25526549927477105
1.9961121497664827 -0.24848495494210113
1.9937334204866242 -0.24169096349376043
1.9913542417581565 -0.23488379017033692
1.9889744876457838 -0.22806369879011704
1.9865940320267177 -0.2212309517785877
1.984212748637336 -0.21438581019866743
1.9818305111187096 -0.2075285337816478
1.9794471930610074 -0.20065938095882788
1.9770626680467942 -0.19377860889382592
1.9746768096932363 -0.1868864735155539
1.9722894916932314 -0.17998322955184243
1.96990058785548 -0.17306913056370418
1.9675099721435172 -0.16614442898022613
1.9651175187137229 -0.15920937613408126
1.9627231019523337 -0.1522642222976521
1.9603265965114753 -0.1453092167197595
1.9579278773442372 -0.13834460766299078
1.9555268197388143 -0.1313706424416227
1.9531232993517376 -0.12438756746013538
1.9507171922402176 -0.11739562825231449
1.948308374893625 -0.11039506952093939
1.9458967242641347 -0.10338613517805613
1.943482117796557 -0.09636906838583474
1.941064433457382 -0.08934411159801099
1.9386435497630634 -0.0823115066019134
1.9362193458075685 -0.07527149456107708
1.9337917012892207 -0.06822431605844637
1.93136049653686 -0.061170211140168844
1.9289256125353502 -0.054109419359984076
1.9264869309504589 -0.04704217982421045
1.9240443341531372 -0.0399687312373344
1.9215977052432278 -0.03288931194820647
1.919146928072626 -0.025804159996849204
1.9166918872679242 -0.01871351316188221
1.9142324682525642 -0.011617609008570019
1.9117685572685268 -0.004516684937498798
1.9093000413975842 0.002589021766111769
1.9068268085821445 0.009699273882454885
1.9043487476457113 0.016813834206534446
1.9018657483129908 0.023932465496907248
1.8993777012296693 0.031054930423762304
1.8968844979818884 0.03818099151632993
1.894386031115446 0.045310411109612946
1.891882194154748 0.052442951290432485
1.8893728816215385 0.05957837384278057
1.886857989053433 0.06671644019247179
1.8843374130222812 0.07385691135108619
1.8818110511523867 0.08099954785919575
1.8792788021386067 0.08814410972886677
1.8767405657643585 0.09529035638543043
1.874196242919559 0.1024380466085143
1.8716457356185205 0.1095869384723274
1.869088947017828 0.11673678928519189
1.8665257814342253 0.1238873555283147
1.8639561443625303 0.13103839279379245
1.8613799424936066 0.13818965572184405
1.8587970837324155 0.1453408979372651
1.8562074772161712 0.15249187198509911
1.8536110333326237 0.15964232926552122
1.8510076637384931 0.16679201996793017
1.8483972813780778 0.173940693004246
1.8457798005020607 0.18108809594141045
1.843155136686536 0.1882339749330891
1.8405232068522792 0.19537807465057447
1.837883929284283 0.2025201382128906
1.8352372236515817 0.20965990711610105
1.8325830110273846 0.21679712116182265
1.8299212139095435 0.22393151838495004
1.8272517562413715 0.23106283498059613
1.824574563432838 0.23819080523025596
1.8218895623821605 0.24531516142720314
1.8191966814978102 0.2524356338011296
1.816495850720958 0.2595519504420417
1.8137870015483757 0.26666383722342735
1.8110700670558142 0.2737710177247119
1.8083449819218789 0.28087321315302244
1.8056116824524202 0.28797014226428236
1.8028701066054567 0.29506152128366253
1.8001201940166518 0.30214706382541606
1.7973618860253588 0.30922648081212895
1.7945951257012525 0.31629948039342076
1.7918198578715634 0.3233657678641346
1.7890360291489318 0.3304250455820578
1.7862435879598932 0.33747701288522014
1.7834424845740142 0.34452136600882033
1.7806326711336877 0.3515577980018359
1.7778141016846039 0.35858599864337687
1.774986732206905 0.36560565435884784
1.7721505206470387 0.3726164481359902
1.7693054269503155 0.3796180594408798
1.7664514130941802 0.38661016413396315
1.7635884431222058 0.3935924343862207
1.760716483178812 0.4005645385955523
1.7578355015447154 0.40752614130348735
1.7549454686731119 0.4144769031123296
1.7520463572265932 0.4214164806028529
1.7491381421147936 0.4283445262526744
1.7462208005327675 0.4352606883554377
1.7432943120000877 0.4421646109409491
1.74035865840066 0.44905593369641794
1.737413824023242 0.4559342918889619
1.7344597956026513 0.46279931628954785
1.731496562361651 0.46965063309854926
1.7285241160534894 0.47648786387311126
1.7255424510050732 0.48331062545652526
1.7225515641607474 0.490118529909827
1.7195514551266535 0.49691118444584254
1.7165421262156304 0.5036881913659185
1.7135235824926214 0.5104491479995861
1.7104958318205454 0.5171936466474195
1.707458884906584 0.5239212745273629
1.7044127553488333 0.5306316137248119
1.7013574596832644 0.5373242411467498
1.6982930174309283 0.5439987284802514
1.6952194511453398 0.5506546421556798
1.6921367864599621 0.5572915433149161
1.6890450521357177 0.5639089877849737
1.685944280108433 0.5705065260573636
1.6828345055361285 0.5770837032735895
1.6797157668460492 0.5836400592171621
1.6765881057813328 0.5901751283125398
1.673451567447196 0.5966884396314083
1.67030620035652 0.603179516906728
1.6671520564747027 0.6096478785549876
1.6639891912636386 0.616093037707111
1.6608176637246832 0.622514502248476
1.6576375364404417 0.62891177486851
1.6544488756152238 0.6352843531203348
1.6512517511139897 0.6416317294909409
1.6480462364996074 0.647953391482372
1.6448324090682342 0.654248821704406
1.6416103498826238 0.6605174979792203
1.6383801438031538 0.6667588934585237
1.6351418795163615 0.67297247675364
1.6318956495607657 0.6791577120790181
1.6286415503497464 0.6853140594096372
1.625379682191247 0.691440974652765
1.6221101493040564 0.6975379098345129
1.6188330598304237 0.7036043133016148
1.6155485258447506 0.7096396299388362
1.6122566633581046 0.715643301402398
1.6089575923182915 0.7216147663697698
1.6056514366052212 0.7275534608061598
1.6023383240213018 0.7334588182479886
1.5990183862765945 0.7393302701036025
1.5956917589684634 0.7451672459714309
1.5923585815554562 0.7509691739757511
1.589018997325156 0.756735481120169
1.5856731533557475 0.7624655936588701
1.5823212004710498 0.7681589374856339
1.578963293188777 0.7738149385405404
1.5755995896617963 0.77943302323423
1.572230251612167 0.7850126188895045
1.5688554442577582 0.7905531541999798
1.5654753362312601 0.7960540597054245
1.56209009949142 0.8015147682833286
1.5586999092263596 0.8069347156561677
1.5553049437488478 0.812313340913734
1.5519053843834327 0.8176500870498155
1.548501415345362 0.8229444015124135
1.5450932236112485 0.828195736766593
1.5416809987814741 0.8334035508689651
1.5382649329343534 0.8385673080527116
1.5348452204721144 0.8436864793219601
1.5314220579587952 0.8487605430542338
1.5279956439501867 0.8537889856096066
1.5245661788159945 0.8587713019451083
1.5211338645544357 0.8637069962328427
1.5176989045995215 0.8685955824802043
1.5142615036213252 0.8734365851505058
1.5108218673195712 0.8782295397822658
1.5073802022109275 0.8829739936053443
1.5039367154104204 0.8876695061520677
1.5004916144074356 0.8923156498614409
1.4970451068368065 0.896912010674513
1.4935974002455283 0.9014581886189446
1.4901487018556747 0.9059537983808086
1.4866992183241248 0.9103984698616644
1.4832491554997418 0.9147918487189501
1.4797987181786716 0.9191335968877692
1.476348109858455 0.9234233930821782
1.4728975324916669 0.9276609332741361
1.4694471862398184 0.9318459311483329
1.4659972692282632 0.9359781185311905
1.4625479773028667 0.9400572457924133
1.4590995037891952 0.9440830822175598
1.4556520392549857 0.9480554163502161
1.4522057712766512 0.9519740563024663
1.4487608842105653 0.9558388300324825
1.445317558969859 0.9596495855881889
1.4418759728074415 0.963406191316099
1.438436299105933 0.9671085360345697
1.4349987071751713 0.9707565291708717
1.4315633620579222 0.9743501008616287
1.4281304243443849 0.9778892020163414
1.4247000499960472 0.9813738043438709
1.421272390179402 0.9848039003419152
1.4178475911099893 0.9881795032496776
1.414425793907178 0.9915006469640756
1.4110071344600583 0.9947673859199999
1.4075917433047533 0.9979797949352769
1.404179745513413 1.0011379690211322
1.4007712605950944 1.00424202315909
1.3973664024086796 1.0072920920453705
1.3939652790879273 1.0102883298039642
1.390567992978699 1.013230909669678
1.387174640588348 1.0161200236425418
1.3837853125472086 1.0189558821150566
1.3804000935820677 1.021738713473845
1.3770190625014604 1.024468763677328
1.3736422921925762 1.0271462958111146
1.3702698496295256 1.0297715896228277
1.3669017958926728 1.0323449410381293
1.3635381861987033 1.0348666616597302
1.36017906994106 1.0373370782511757
1.356824490740353 1.039756532207208
1.3534744865043145 1.0421253790124894
1.3501290894968538 1.0444439876904594
1.3467883264157408 1.0467127402440675
1.3434522184784286 1.0489320310900885
1.340120781515518 1.0511022664886873
1.3367940260713491 1.0532238639698488
1.3334719575112013 1.0552972517582313
1.33015457613458 1.0573228681979439
1.3268418772940636 1.0593011611786811
1.3235338515191872 1.061232587564577
1.3202304846448485 1.0631176126270712
1.3169317579437176 1.064956709483
1.313637648262153 1.0667503585390512
1.3103481281591287 1.0684990469436428
1.3070631660476946 1.0702032680472024
1.3037827263385047 1.07186352087175
1.3005067695849655 1.0734803095906045
1.297235252629572 1.075054143018958
1.2939681287510199 1.0765855341159813
1.2907053478116968 1.0780749994990564
1.2874468564051833 1.0795230589706497
1.2841925980034046 1.0809302350582761
1.2809425131031036 1.082297052567933
1.2776965393713215 1.0836240381513162
1.2744546117895958 1.0849117198870737
1.271216662796602 1.0861606268762838
1.2679826224289943 1.087371288852301
1.2647524184602121 1.0885442358050488
1.2615259765370437 1.089679997619795
1.2583032203137583 1.0907791037304007
1.2550840715836349 1.0918420827869852
1.2518684504077346 1.092869462337918
1.248656275240784 1.0938617685260037
1.2454474630540469 1.0948195257987021
1.2422419294550897 1.0957432566321885
1.2390395888043482 1.0966334812690368
1.2358403543284262 1.0974907174692816
1.2326441382300715 1.0983154802745956
1.2294508517947786 1.0991082817853002
1.2262604054939934 1.0998696309499092
1.2230727090848919 1.1006000333668944
1.2198876717067295 1.1012999910983474
1.2167052019737565 1.101970002495206
1.2135252080647108 1.102610562033702
1.2103475978089058 1.1032221601626857
1.207172278768939 1.103805283161475
1.2039991583200522 1.104360413007876
1.2008281437261856 1.1048880272560204
1.1976591422127671 1.1053885989236687
1.1944920610362897 1.1058625963886206
1.1913268075507295 1.1063104832938893
1.1881632892708651 1.1067327184612874
1.1850014139325589 1.1071297558130866
1.1818410895500666 1.10750204430141
1.1786822244704436 1.1078500278450292
1.1755247274251168 1.108174145273237
1.172368507578696 1.1084748302764826
1.1692134745750977 1.1087525113634538
1.1660595385810548 1.1090076118243044
1.16290661032709 1.109240549699733
1.1597546011460267 1.1094517377556237
1.156603423009116 1.1096415834629707
1.153452988559854 1.1098104889828182
1.150303211145566 1.1099588511559515
1.1471540048468358 1.1100870614970875
1.1440052845048505 1.1101955061933202
1.1408569657467391 1.110284566106586
1.137708965008977 1.1103546167799212
1.134561199558928 1.1104060284472919
1.1314135875145974 1.1104391660467903
1.128266047862663 1.1104543892369907
1.1251185004748554 1.1104520524162742
1.121970866122754 1.1104325047449368
1.1188230664910637 1.1103960901699017
1.1156750241894375 1.1103431474518664
1.1125266627629091 1.1102740101947222
1.1093779067009928 1.1101890068770908
1.1062286814455142 1.1100884608858281
1.1030789133972276 1.1099726905513565
1.0999285299212764 1.1098420091846881
1.0967774593515525 1.1096967251160126
1.0936256309940047 1.109537141734727
1.0904729751289515 1.10936355753079
1.0873194230124439 1.109176266137293
1.0841649068767292 1.1089755563741406
1.0810093599298602 1.1087617122927425
1.0778527163544966 1.1085350132216232
1.0746949113059396 1.108295733812859
1.0715358809094429 1.1080441440892574
1.0683755622568407 1.1077805094922022
1.0652138934025301 1.1075050909300843
1.0620508133588462 1.1072181448272507
1.058886262090865 1.1069199231734022
1.0557201805106693 1.1066106735733767
1.052552510471111 1.10629063929726
1.0493831947591004 1.1059600593307648
1.0462121770884532 1.1056191684258274
1.0430394020923275 1.1052681971513714
1.0398648153152736 1.1049073719441915
1.0366883632049289 1.1045369151599145
1.0335099931033787 1.1041570451239944
1.0303296532382131 1.103767976182705
1.027147292713299 1.1033699187540946
1.0239628614992913 1.102963079378865
1.020776310423906 1.1025476607711489
1.0175875911619752 1.1021238618691527
1.0143966562253022 1.1016918778856386
1.011203458952339 1.1012519003582204
1.0080079534977004 1.1008041171994498
1.004810094821534 1.100348712746671
1.0016098386787622 1.099885867811624
0.998407141608212 1.0994157597297765
0.9952019609216461 1.0989385624093697
0.9919942546927112 1.0984544463801589
0.9887839817458152 1.0979635788418372
0.9855711016449479 1.0974661237121277
0.982355574682456 1.0969622416745322
0.9791373618677846 1.0964520902257249
0.9759164249161949 1.0959358237225825
0.9726927262374715 1.0954135934288398
0.9694662289246255 1.0948855475613637
0.9662368967426054 1.0943518313360385
0.9630046941170232 1.0938125870132558
0.959769586122905 1.0932679539430024
0.9565315384734738 1.092718068609543
0.9532905175089716 1.0921630646756924
0.9500464901855284 1.0916030730266724
0.9467994240640845 1.091038221813553
0.9435492872993728 1.0904686364962732
0.940296048628967 1.0898944398862402
0.9370396773624007 1.089315752188506
0.9337801433703639 1.0887326910435193
0.9305174170739805 1.0881453715684533
0.9272514694341732 1.0875539063981081
0.9239822719411188 1.0869584057253896
0.9207097966037981 1.086358977341363
0.917434015939646 1.0857557266748858
0.914154902964303 1.0851487568318157
0.910872431181474 1.084538168633801
0.9075865745728953 1.0839240606566523
0.9042973075884151 1.0833065292682973
0.9010046051361886 1.0826856686663224
0.897708442572991 1.0820615709151034
0.8944087956946509 1.0814343259825263
0.8911056407266068 1.0808040217763055
0.8877989543145879 1.0801707441798978
0.884488713515422 1.079534577088018
0.8811748957879726 1.0788956024417615
0.8778574789842059 1.0782539002633322
0.8745364413403902 1.077609548690387
0.8712117614684299 1.0769626240099932
0.8678834183473336 1.0763132006922107
0.8645513913148193 1.0756613514232964
0.8612156600590576 1.0750071471385405
0.8578762046105542 1.0743506570547365
0.8545330053341722 1.0736919487022905
0.8511860429212956 1.0730310879569747
0.8478352983821364 1.0723681390713307
0.8444807530381837 1.0717031647057254
0.8411223885147976 1.0710362259590687
0.837760186733949 1.0703673823991937
0.8343941299071049 1.0696966920929092
0.8310242005282608 1.0690242116357265
0.8276503813671215 1.0683499961812686
0.8242726554624308 1.0676740994703668
0.8208910061154502 1.06699657385985
0.8175054168835892 1.0663174703510327
0.814115871574187 1.0656368386179111
0.8107223542384461 1.0649547270350674
0.8073248491655204 1.0642711827052946
0.8039233408767573 1.063586251486945
0.8005178141200963 1.0628999780210096
0.7971082538646229 1.0622124057579367
0.7936946452952828 1.061523576984195
0.7902769738077534 1.0608335328485885
0.786855225003478 1.0601423133883308
0.7834293846848608 1.059449957554887
0.7799994388506265 1.0587565032395896
0.7765653736913459 1.0580619872990362
0.7731271755851281 1.0573664455802778
0.769684831093483 1.0566699129458061
0.7662383269573547 1.0559724232983463
0.7627876500933297 1.0552740096054667
0.7593327875900205 1.0545747039240119
0.7558737267046292 1.0538745374243692
0.7524104548596919 1.0531735404145788
0.74894295964001 1.0524717423642953
0.7454712287897677 1.0517691719286129
0.741995250209843 1.0510658569717628
0.7385150119553143 1.050361824590694
0.7350305022331666 1.0496571011385492
0.7315417094002025 1.048951712248045
0.7280486219611627 1.0482456828547717
0.7245512285670608 1.0475390372204219
0.7210495180137382 1.0468317989559615
0.7175434792406455 1.0461239910447564
0.7140331013298563 1.0454156358656697
0.7105183735053202 1.04470675521614
0.7069992851323635 1.0439973703352607
0.703475825717445 1.0432875019268717
0.6999479849081746 1.0425771701826807
0.6964157524936055 1.041866394805432
0.6928791184048104 1.041155195032139
0.6893380727157492 1.0404435896573987
0.6857926056444441 1.039731597056809
0.6822427075544714 1.0390192352105074
0.6786883689567844 1.038306521726851
0.6751295805118821 1.0375934738662633
0.6715663330323386 1.0368801085652688
0.6679986174857102 1.0361664424607384
0.6644264249978379 1.0354524919143746
0.6608497468565648 1.0347382730374606
0.6572685745158895 1.034023801715903
0.6536828996005766 1.0333090936355978
0.6500927139112506 1.0325941643081515
0.6464980094299974 1.0318790290969901
0.6428987783265028 1.031163703243891
0.6392950129647572 1.0304482018959757
0.635686705910361 1.0297325401332036
0.632073849938464 1.029016732996406
0.6284564380423797 1.0283007955159067
0.6248344634429136 1.0275847427407756
0.6212079195984523 1.0268685897687653
0.6175768002158611 1.026152351776982
0.6139410992622434 1.0254360440533499
0.6103008109776186 1.0247196820289264
0.6066559298885813 1.0240032813111322
0.6030064508230099 1.0232868577179663
0.5993523689258956 1.0225704273132752
0.5956936796763755 1.0218540064431558
0.5920303789060536 1.0211376117735744
0.5883624628187061 1.0204212603292881
0.5846899280114745 1.019704969534166
0.5810127714976594 1.018988757253008
0.5773309907312383 1.0182726418349735
0.5736445836332423 1.01755664215873
0.5699535486201414 1.0168407776794544
0.5662578846343974 1.0161250684778118
0.5625575911773663 1.0154095353110641
0.5588526683447417 1.0146941996664558
0.5551431168647575 1.0139790838170486
0.5514289381393843 1.0132642108801828
0.547710134288781 1.012549604878758
0.5439867081992896 1.0118352908055426
0.5402586635752905 1.0111212946907406
0.5365260049952699 1.0104076436730545
0.5327887379724888 1.009694366074513
0.5290468690206854 1.0089814914793496
0.5253004057252897 1.0082690508172385
0.5215493568206843 1.0075570764512305
0.5177937322741037 1.0068456022707502
0.514033543376836 1.0061346637900557
0.5102688028434634 1.0054242982525932
0.5064995249199712 1.0047145447417185
0.50272572550165 1.0040054442983013
0.4989474222618312 1.0032970400457757
0.49516463479262424 1.0025893773232504
0.49137738475897025 1.0018825038273549
0.48758569606749685 1.0011764697635561
0.48378959505185015 1.0004713280077584
0.47998911067640176 0.9997671342790735
0.47618427476048336 0.9990639473247395
0.47237512222559497 0.9983618291182653
0.4685616913683725 0.9976608450719868
0.46474402416249316 0.9969610642653447
0.46092216659315327 0.9962625596903318
0.45709616902828415 0.9955654085157138
0.45326608663129103 0.994869692371796
0.4494319798208237 0.9941754976577108
0.44559391478393695 0.993482915873414
0.44175196404999645 0.9927920439788284
0.4379062071338624 0.9921029847828536
0.43405673125827304 0.9914158473652749
0.43020363216699825 0.990730747534962
0.4263470150422936 0.9900478083281588
0.4224869955425204 0.9893671605511188
0.41862370097859297 0.9886889433718744
0.41475727165126736 0.9880133049665167
0.4108878623753234 0.9873404032260523
0.4070156442215679 0.9866704065306721
0.4031408065134976 0.9860034945991633
0.399263559122647 0.985339859422206
0.3953841351154185 0.9846797062894581
0.39150279381493636 0.9840232549216595
0.38761982435467074 0.9833707407205061
0.3837355498168698 0.98272241615077
0.3798503320690076 0.982078552271119
0.3759645774365159 0.9814394404323189
0.37207874338131586 0.980805394164029
0.3681933463947572 0.9801767512742173
0.3643089713626331 0.9795538761883451
0.3604262827216888 0.9789371625588519
0.356546037804952 0.9783270361790436
0.3526691028716997 0.9777239582390841
0.34879647244250417 0.9771284289651222
0.34492929271749534 0.9765409916851513
0.3410688900551819 0.9759622373661626
0.33721680573980467 0.9753928096651471
0.33337483857824163 0.9748334105293263
0.3295450972536628 0.9742848063651527
0.325730064829941 0.9737478347655942
0.32193267834628253 0.9732234117323976
0.3181564270421667 0.9727125392411191
0.3144054733409863 0.9722163128515482
0.310684801145256 0.9717359288347791
0.30700039595296996 0.9712726899278042
0.30335946022747196 0.9708280082794807
0.2997706643530546 0.9704034033489387
0.2962444267782232 0.9700004913957596
0.2927932042272185 0.9696209617527161
0.28943175124084786 0.9692665334542581
0.2861772755204336 0.9689388845328958
0.2830493731695632 0.9686395465683473
0.28006958748663197 0.968369760902627
0.27726042533798084 0.9681303027734981
0.27464373276865256 0.9679212965025763
0.27223851664979754 0.9677420648639421
0.27005857966783486 0.9675910672215586
0.2681105771924901 0.967465968829209
0.2663931076950646 0.9673638432621849
0.26489712666042065 0.967281459510253
0.26360748901512454 0.9672155763918082
0.262505075825667 0.967163176609928
0.2615689176471588 0.9671216087238783
0.2607779207355866 0.9670886415419655
0.2601120533162547 0.9670624554033327
0.25955302947478065 0.9670415979860275
0.25908460914766146 0.9670249262207768
0.258692642664143 0.9670115477051074
0.2583649650549271 0.9670007683257549
0.25809121435645765 0.9669920484785928
0.257862621177247 0.9669849679298129
0.2576717970990139 0.9669791983095607
0.2575125364899945 0.9669744819038543
0.25737963832589483 0.9669706154415056
0.2572687500052603 0.9669674377481347
0.25717623265992967 0.966964820350872
0.25709904624636526 0.9669626603160305
0.25703465221751093 0.966960874770051
0.25698093148663836 0.9669593966883825
0.2569361155095444 0.9669581716409256
0.2568987285181935 0.9669571552615125
0.25686753917614064 0.9669563112679285
0.2568415201616484 0.9669556099028739
0.25681981440274054 0.9669550266987603
0.25680170688314297 0.9669545414932754
0.2567866011077316 0.966954137640446
0.2567739994617812 0.9669538013751339
0.25676348682220385 0.9669535212987389
0.2567547168836681 0.9669532879612514
0.25674740075058783 0.9669530935203418
0.2567412974198902 0.9669529314623762
0.25673620584138546 0.96695279637346
0.2567319582943244 0.9669526837510705
0.2567284148620028 0.966952589848755
0.25672545882239267 0.9669525115478548
0.256722992802941 0.9669524462513862
0.25672093557284775 0.9669523917961349
0.25671921936713504 0.9669523463797572
0.2567177876543389 0.9669523085002661
0.2567165932742771 0.9669522769057602
0.25671559688453743 0.9669522505526319
0.2567147656645037 0.9669522285708052
0.25671407223422354 0.9669522102348066
0.25671349375250263 0.9669521949396818
0.25671301116451184 0.9669521821809396
0.25671260857411915 0.9669521715378422
0.25671227272027336 0.966952162659484
0.2567119925401881 0.9669521552531892
0.2567117588049369 0.9669521490748403
0.2567115638154563 0.9669521439208161
0.2567114011489421 0.9669521396212697
0.25671126544728656 0.9669521360345238
0.2567111522405841 0.9669521330423964
0.2567110577998966 0.9669521305463031
0.2567109790144237 0.9669521284640065
0.25671091328903595 0.9669521267269048
0.2567108584587931 0.9669521252777705
0.25671081271763174 0.9669521240688643
0.25671077455887603 0.9669521230603617
0.2567107427256079 0.9669521222190403
0.25671071616926616 0.9669521215171856
0.25671069401510677 0.9669521209316776
0.2567106755333902 0.9669521204432292
0.25671066011534455 0.9669521200357508
0.2567106472531118 0.9669521196958197
0.2567106365230213 0.9669521194122388
0.2567106275716325 0.9669521191756666
0.2567106201040943 0.9669521189783107
0.2567106138744325 0.9669521188136703
0.25671060867744705 0.966952118676322
0.25671060434195364 0.9669521185617417
0.25671060072514473 0.9669521184661551
0.25671059770788573 0.9669521183864138
0.2567105951907906 0.966952118319891
0.25671059309094835 0.9669521182643955
0.25671059133919205 0.9669521182180995
0.25671058987782025 0.9669521181794777
0.2567105886586968 0.9669521181472583
0.25671058764166427 0.9669521181203797
0.25671058679322295 0.9669521180979569
0.2567105860854258 0.966952118079251
0.2567105854949585 0.9669521180636459
0.25671058500237165 0.9669521180506276
0.25671058459143975 0.9669521180397674
0.2567105842486268 0.9669521180307072
0.2567105839626412 0.9669521180231491
0.2567105837240627 0.9669521180168439
0.2567105835250329 0.9669521180115839
0.2567105833589959 0.9669521180071958
0.2567105832204824 0.9669521180035351
0.2567105831049298 0.9669521180004811
