-2.617067350729209 0.35222210155740513
-2.616153175626262 0.3553589862923916
-2.6152513791870056 0.35847665685054547
-2.614361988577686 0.3615752669958128
-2.613485031647833 0.3646549719998814
-2.612620536951712 0.3677159286335485
-2.611768533769839 0.3707582951589628
-2.610929052130551 0.3737822313227614
-2.610102122831628 0.37678789835012483
-2.609287777461958 0.37977545893977155
-2.6084860484232433 0.3827450772599139
-2.6076969689517373 0.3856969189451974
-2.6069205731400094 0.388631151094646
-2.606156895958731 0.39154794227063505
-2.6054059732784753 0.39444746249891444
-2.604667841891523 0.39732988326970464
-2.6039425395336693 0.4001953775398882
-2.6032301049060256 0.4030441197363193
-2.6025305776968013 0.40587628576027496
-2.6018439986030684 0.40869205299307065
-2.6011704093524908 0.41149160030286447
-2.6005098527250143 0.4142751080526732
-2.599862372574508 0.4170427581096247
-2.5992280138503454 0.4197947338554713
-2.598606822618916 0.42253122019838835
-2.5979988460850554 0.4252524035860843
-2.5974041326133848 0.4279584720202468
-2.5968227317495445 0.43064961507235144
-2.5962546942413116 0.4333260239008598
-2.5957000720595853 0.43598789126983317
-2.595158918419228 0.43863541156899033
-2.5946312877997446 0.44126878083523646
-2.5941172359657876 0.44388819677569247
-2.5936168199874654 0.44649385879225323
-2.5931300982604406 0.4490859680077052
-2.5926571305257964 0.45166472729343293
-2.5921979778896533 0.45423034129874595
-2.5917527028425105 0.45678301648185754
-2.5913213692782935 0.4593229611425475
-2.5909040425130834 0.4618503854565421
-2.590500789303498 0.4643655015116447
-2.590111677864704 0.4668685233456515
-2.589736777888028 0.4693596669860877
-2.5893761605581354 0.47183915049179964
-2.589029898569751 0.4743071939964398
-2.5886980661438797 0.47676401975388194
-2.5883807390434987 0.47920985218560486
-2.588077994588679 0.48164491793008307
-2.5877899116711 0.4840694458942249
-2.5875165707679106 0.486483667306898
-2.587258053954902 0.4888878157745838
-2.5870144449189323 0.49128212733920285
-2.586785828969564 0.4936668405381539
-2.586572293049862 0.4960421964666104
-2.5863739257462903 0.4984084388421184
-2.5861908172976578 0.5007658140715411
-2.586023059603047 0.5031145713203956
-2.5858707462286663 0.5054549625846279
-2.5857339724135566 0.5077872427648733
-2.5856128350740795 0.5101116697432496
-2.585507432807115 0.5124285044627306
-2.585417865891893 0.5147380110091481
-2.5853442362903722 0.5170404566958722
-2.5852866476460807 0.5193361121512172
-2.5852452052813293 0.5216252514086229
-2.5852200161927037 0.523908151999661
-2.585211189044731 0.5261850950499145
-2.58521883416162 0.5284563653777801
-2.5852430635169634 0.5307222515962414
-2.5852839907212877 0.5329830462176625
-2.585341731007329 0.5352390457616467
-2.58541640121291 0.5374905508660114
-2.5855081197612826 0.5397378664009199
-2.585617006638804 0.5419813015862192
-2.585743183369791 0.5442211701120238
-2.585886772988414 0.5464577902625881
-2.5860479000074608 0.5486914850435071
-2.5862266903838123 0.5509225823122804
-2.5864232714804536 0.5531514149122774
-2.586637772024844 0.5553783208101305
-2.586870322063453 0.5576036432365891
-2.587121052912272 0.5598277308308541
-2.587390097103095 0.5620509377884161
-2.5876775883253553 0.56427362401241
-2.5879836613633 0.5664961552684975
-2.5883084520282713 0.5687189033432802
-2.5886520970858555 0.5709422462062415
-2.589014734177655 0.5731665681752063
-2.589396501737421 0.5753922600853032
-2.589797538901291 0.5776197194614001
-2.5902179854118415 0.5798493506939804
-2.5906579815156836 0.5820815652184115
-2.5911176678543018 0.5843167816975507
-2.5915971853478283 0.5865554262076178
-2.592096675071446 0.5887979324272522
-2.5926162781240922 0.5910447418296583
-2.5931561354891315 0.5932963038777267
-2.5937163878866567 0.5955530762220018
-2.5942971756170663 0.597815524901349
-2.59489863839556 0.6000841245461545
-2.5955209151771834 0.6023593585838706
-2.596164143972047 0.6046417194466961
-2.5968284616503383 0.6069317087811562
-2.597514003736733 0.6092298376593235
-2.598220904193817 0.6115366267913898
-2.5989492951941133 0.6138526067392716
-2.5996993068803125 0.6161783181308994
-2.6004710671133 0.6185143118748065
-2.601264701207572 0.6208611493745979
-2.602080331653629 0.6232194027428397
-2.6029180778269474 0.625589655013872
-2.6037780556831183 0.6279725003549997
-2.6046603774387624 0.630368544275476
-2.6055651512378297 0.6327784038326375
-2.606492480802905 0.6352027078345076
-2.6074424650711547 0.6376420970381208
-2.608415197814568 0.6400972243427716
-2.60941076724416 0.6425687549773282
-2.6104292555978357 0.6450573666806887
-2.6114707387116325 0.6475637498743924
-2.612535285574103 0.6500886078263302
-2.61362295786362 0.6526326568044265
-2.614733809468445 0.6551966262190909
-2.615867885989438 0.6577812587531597
-2.6170252242253396 0.6603873104779704
-2.618205851640625 0.663015550954126
-2.619409785815985 0.6656667633154264
-2.620637033881573 0.6683417443343532
-2.621887591933231 0.6710413044674094
-2.6231614444319993 0.6737662678785235
-2.6244585635873197 0.6765174724386402
-2.625778908724435 0.6792957696995263
-2.6271224256366215 0.6821020248397297
-2.628489045923001 0.6849371165805442
-2.629878686312834 0.6878019370697391
-2.6312912479773214 0.6906973917307309
-2.6327266158301232 0.693624399074791
-2.6341846578179497 0.6965838904738086
-2.6356652242027807 0.6995768098910519
-2.637168146837443 0.7026041135673128
-2.638693238436491 0.7056667696597614
-2.6402402918445373 0.7087657578307924
-2.6418090793044158 0.7119020687841155
-2.643399351727777 0.7150767037453212
-2.6450108379709762 0.7182906738841542
-2.6466432441193453 0.7215449996757436
-2.6482962527832137 0.724840710198074
-2.649969522409293 0.7281788423630499
-2.651662686611313 0.7315604400785881
-2.65337535352406 0.734986553339293
-2.655107105185238 0.7384582372434177
-2.656857496949834 0.7419765509340003
-2.658626056941919 0.7455425564622802
-2.660412285549072 0.7491573175717681
-2.6622156549648324 0.7528218984016428
-2.664035608784806 0.7565373621085005
-2.665871561662231 0.760304769405879
-2.6677228990289756 0.7641251770214285
-2.669588976888049 0.7679996360720976
-2.6714691216838147 0.7719291903582559
-2.673362630256101 0.7759148745782752
-2.675268769884423 0.77995771246575
-2.67718677842842 0.7840587148522409
-2.679115864570509 0.7882188776591801
-2.6810552081665118 0.792439179823377
-2.68300396070975 0.7967205811613999
-2.6849612459137178 0.8010640201789857
-2.6869261604179933 0.8054704118325263
-2.688897774621495 0.8099406452506006
-2.6908751336465566 0.8144755814244462
-2.692857258436549 0.819076050877185
-2.6948431469889544 0.8237428513225233
-2.696831775724869 0.8284767453245142
-2.698822100994906 0.833278457970798
-2.7008130607203586 0.8381486745724933
-2.7028035761673364 0.8430880384045859
-2.7047925538503277 0.8480971485012428
-2.7067788875603718 0.8531765575209327
-2.7087614605116883 0.8583267696965584
-2.710739147599278 0.8635482388859769
-2.7127108177586514 0.8688413667382832
-2.7146753364175336 0.8742065009910575
-2.716631568028097 0.8796439339134037
-2.718578378667073 0.8851539009090389
-2.720514638689961 0.8907365792929198
-2.7224392254245426 0.8963920872539157
-2.724351025888048 0.9021204830148598
-2.726248939511584 0.9079217641999424
-2.7281318808549195 0.9137958674178609
-2.729998782294363 0.9197426680674325
-2.731848596666343 0.9257619803705263
-2.7336802998493774 0.9318535576352054
-2.7354928932674283 0.9380170927499246
-2.737285406298159 0.9442522189075216
-2.739056898570365 0.9505585105556242
-2.7408064621358 0.9569354845679845
-2.7425332235017783 0.9633826016292032
-2.7442363455122583 0.9698992678233368
-2.7459150290666026 0.976484836415035
-2.747568514666832 0.9831386098101622
-2.749196083785904 0.989859841681338
-2.7507970600513416 0.9966477392425205
-2.7523708102403743 1.0035014656556625
-2.7539167450845916 1.0104201425516142
-2.755434319883933 1.0174028526468324
-2.756923034931608 1.0244486424370918
-2.758382435753232 1.0315565249492709
-2.7598121131650477 1.0387254825324037
-2.761211703157569 1.04595446966953
-2.7625808866122967 1.053242415792429
-2.7639193888603293 1.060588228082067
-2.7652269790926707 1.0679907942384992
-2.766503469632875 1.0754489852050204
-2.767748715083304 1.0829616578325398
-2.768962611356753 1.0905276574714136
-2.7701450946055015 1.098145820479311
-2.771296140059991 1.1058149766350598
-2.772415760789325 1.1135339514498102
-2.7735040063956364 1.1213015683682468
-2.7745609616541103 1.1291166508539379
-2.7755867451100507 1.1369780243542327
-2.7765815076439244 1.1448845181413794
-2.7775454310147474 1.152834967027727
-2.7784787263915716 1.1608282129539857
-2.7793816328821626 1.1688631064505406
-2.780254416067252 1.1769385079727401
-2.7810973665480394 1.185053289111916
-2.781910798513877 1.1932063336846177
-2.782695048336349 1.2013965387031842
-2.7834504731952303 1.2096228152313155
-2.7841774497411236 1.217884089128754
-2.7848763727988874 1.2261793016895453
-2.78554765411533 1.2345074101786355
-2.7861917211540392 1.242867388271756
-2.7868090159396495 1.2512582264036882
-2.7873999939533207 1.2596789320300714
-2.7879651230807143 1.2681285298079292
-2.7885048826133203 1.276606061700059
-2.789019762303579 1.285110587008347
-2.789510261473896 1.2936411823409621
-2.789976888179316 1.302196941518225
-2.790420158423366 1.3107769754217866
-2.7908405954263116 1.3193804117915449
-2.7912387289448897 1.328006394974527
-2.79161509464239 1.3366540856297324
-2.7919702335078216 1.3453226603926995
-2.792304691322786 1.3540113115033277
-2.7926190181745865 1.3627192464002333
-2.7929137680140377 1.3714456872846832
-2.793189498256389 1.380189870656905
-2.7934467694237526 1.3889510468273374
-2.7936861448274133 1.3977284794051488
-2.7939081902883944 1.4065214447661252
-2.7941134738946776 1.4153292315018104
-2.7943025657934912 1.4241511398515625
-2.794476038017123 1.4329864811189903
-2.7946344643407515 1.4418345770740333
-2.7947784201708394 1.4506947593417576
-2.7949084824626906 1.4595663687787621
-2.795025229665824 1.468448754837913
-2.795129241695885 1.47734127492196
-2.7952210999318794 1.4862432937264312
-2.7953013872375787 1.4951541825720482
-2.7953706880060163 1.5040733187267659
-2.7954295882260625 1.5130000847173954
-2.7954786755701404 1.5219338676306446
-2.7955185395022095 1.5308740584032787
-2.795549771405219 1.5398200511009839
-2.7955729647273087 1.5487712421854
-2.7955887151460996 1.5577270297686754
-2.7955976207504993 1.5666868128547826
-2.7956002822395165 1.5756499905667334
-2.795597303137657 1.5846159613587176
-2.795589290026557 1.5935841222120937
-2.795576852792584 1.6025538678140485
-2.7955606048902304 1.6115245897176467
-2.7955411636212104 1.6204956754818807
-2.795519150429275 1.6294665077902286
-2.795495191210858 1.6384364635461186
-2.795469916641797 1.6474049129435855
-2.7954439625204843 1.656371218511287
-2.795417970127969 1.6653347341279248
-2.7953925866056752 1.6742948040069772
-2.7953684653516047 1.6832507616485162
-2.795346266436098 1.6922019287557115
-2.7953266570384745 1.7011476141134596
-2.7953103119061664 1.7100871124263726
-2.7952979138382825 1.719019703113145
-2.795290154195943 1.7279446490540544
-2.7952877334421715 1.7368611952880613
-2.79529136171467 1.7457685676556178
-2.7953017594354406 1.7546659713828943
-2.7953196579619495 1.7635525896026318
-2.795345800285418 1.77242758180625
-2.79538094178285 1.7812900822211255
-2.795425851030636 1.7901391981060977
-2.79548131068901 1.7989740079572127
-2.795548118468348 1.8077935596144328
-2.7956270881903014 1.8165968682584688
-2.795719050959152 1.8253829142849625
-2.7958248564615755 1.8341506410408626
-2.795945374416327 1.8428989524049015
-2.796081496199282 1.8516267101904451
-2.796234136673896 1.8603327313444875
-2.7964042362625925 1.8690157849109885
-2.7965927633010503 1.8776745887198325
-2.796800716724917 1.8863078057540905
-2.797029129147421 1.8949140401375921
-2.7972790703968564 1.9034918326715176
-2.7975516515952377 1.912039655832176
-2.7978480298739146 1.9205559081215007
-2.798169413838864 1.9290389076360566
-2.798517069918191 1.9374868846881963
-2.7988923297474173 1.9458979732728026
-2.7992965987748986 1.954270201122709
-2.799731366300591 1.9626014780328065
-2.8001982171967836 1.9708895820536507
-2.800698845599592 1.9791321430559117
-2.8012350709050184 1.9873266230418818
-2.801808856452791 1.995470292422805
-2.80242233133383 2.003560201282553
-2.8030778158106036 2.011593144398749
-2.8037778508891886 2.019565618479032
-2.804525232619497 2.0274737696776386
-2.8053230517122536 2.035313328968537
-2.8061747390254634 2.0430795323479596
-2.807084117352962 2.0507670221055765
-2.808055459685242 2.058369724533177
-2.809093553616886 2.065880698448777
-2.81020377070435 2.0732919478671152
-2.8113921381178772 2.0805941912047548
-2.812665407564972 2.08777657890813
-2.81403111274108 2.0948263519933863
-2.81549760089349 2.101728436887752
-2.817074015784068 2.108464979230007
-2.8187701978502226 2.1150148342429387
-2.820596452839063 2.1213530587554166
-2.8225631246962166 2.127450495749076
-2.824679898136987 2.1332736106507664
-2.826954763950288 2.1387848251095476
-2.8293926262962437 2.1439436724372443
-2.831993638072749 2.1487091051915947
-2.834751519441403 2.153043118318808
-2.837652291134555 2.1569154279695155
-2.8406739109341443 2.16030833118597
-2.84378710523773 2.163220385720322
-2.846957251834839 2.1656676374745913
-2.8501467390625352 2.1676819311909163
-2.853317105849798 2.169306928796587
-2.856430532185469 2.170593135400981
-2.8594506874355057 2.1715931845161265
-2.862343280750274 2.172358113954434
-2.8650767592344297 2.1729348139490505
-2.8676234683991972 2.1733645055797353
-2.8699612862588326 2.1736820213457224
-2.872075374955944 2.1739157004067273
-2.873959443133721 2.1740877648772283
-2.8756159654008644 2.1742150526893322
-2.877055180874311 2.174309957001648
-2.878293164334236 2.1743814087471796
-2.8793495372843405 2.1744357681484696
-2.8802453537272252 2.1744775515575614
-2.8810014721041726 2.174509979501991
-2.881637488103164 2.1745353688412155
-2.882171153035916 2.174555405036993
-2.882618146892467 2.17457132882158
-2.882992079209391 2.174584064159967
-2.883304619197834 2.1745943066318825
-2.8835656878763665 2.1746025851731163
-2.8837836704608444 2.1746093057515856
-2.8839656252518613 2.1746147826465103
-2.884117476860146 2.1746192611069066
-2.8842441886077457 2.174622933937718
-2.884349912913296 2.1746259537581865
-2.8844381205650835 2.1746284421434487
-2.8845117107722658 2.1746304965003898
-2.8845731042435494 2.174632195282215
-2.884624321564128 2.1746336019750676
-2.884667048995039 2.1746347681698404
-2.8847026936002664 2.1746357359471915
-2.884732429367997 2.1746365397429486
-2.884757235760489 2.1746372078173377
-2.8847779299145735 2.174637763419832
-2.8847951935267213 2.174638225718352
-2.8848095952934347 2.1746386105446893
-2.884821609638034 2.174638930995572
-2.8848316323363146 2.1746391979195683
-2.8848399935534883 2.174639420313139
-2.884846968720662 2.1746396056439585
-2.884852787608564 2.174639760115703
-2.8848576418971517 2.1746398888854976
-2.884861691490351 2.1746399962429224
-2.8848650697839227 2.174640085757665
-2.8848678880599934 2.1746401604015344
-2.884870239153033 2.1746402226494346
-2.884872200508072 2.1746402745630338
-2.8848738367319076 2.174640317860171
-2.8848752017213717 2.174640353972481
-2.8848763404387676 2.1746403840932733
-2.8848772903929785 2.1746404092173495
-2.8848780828750393 2.1746404301741165
-2.8848787439888826 2.174640447655155
-2.8848792955112086 2.1746404622371673
-2.8848797556088166 2.1746404744010945
-2.8848801394370156 2.1746404845480383
-2.88488045963884 2.1746404930125305
-2.8848807267615086 2.174640500073594
-2.884880949603844 2.17464050596396
-2.884881135506104 2.1746405108777536
-2.8848812905917667 2.1746405149769017
-2.884881419969232 2.1746405183964757
-2.8848815279000912 2.1746405212491475
-2.8848816179395005 2.1746405236289057
-2.884881693053285 2.174640525614154
-2.8848817557156314 2.1746405272702964
-2.8848818079905865 2.174640528651893
-2.8848818516000443 2.174640529804458
-2.884881887980464 2.1746405307659598
-2.8848819183301866 2.1746405315680715
-2.884881943648907 2.1746405322372167
-2.8848819647706025 2.1746405327954372
-2.884881982391004 2.1746405332611216
-2.8848819970905133 2.17464053364961
-2.884882009353319 2.1746405339736987
-2.884882019583349 2.174640534244064
-2.8848820281175707 2.174640534469611
-2.8848820352370943 2.1746405346577693
-2.8848820411764313 2.174640534814737
-2.8848820461312186 2.1746405349456843
-2.8848820502646624 2.1746405350549245
-2.884882053712915 2.1746405351460565
-2.884882056589559 2.1746405352220814
-2.8848820589893482 2.174640535285504
-2.8848820609913304 2.1746405353384133
-2.8848820626614486 2.1746405353825518
-2.8848820640547155 2.1746405354193734
-2.8848820652170235 2.1746405354500915
-2.8848820661866585 2.1746405354757172
-2.8848820669955595 2.1746405354970952
-2.884882067670371 2.1746405355149294
-2.88488206823332 2.1746405355298073
-2.8848820687029506 2.1746405355422187
-2.884882069094732 2.174640535552573
-2.884882069421568 2.1746405355612106
-2.8848820696942257 2.174640535568417
-2.8848820699216855 2.174640535574428
-2.88488207011144 2.174640535579443
-2.884882070269739 2.1746405355836265
-2.8848820704017974 2.1746405355871166
-2.8848820705119644 2.174640535590028
