-0.07226251324754608 0.8423007134810923
-0.07668427243273414 0.8309114899498479
-0.08270416744117241 0.8146684222939777
-0.0901579322242098 0.7944151056102507
-0.09907624169772754 0.7712771877119771
-0.10964427226350566 0.7467445039969297
-0.122120772269358 0.7227107201370295
-0.1366935324459459 0.7012713887115131
-0.1533546761923956 0.6842440343405806
-0.17191009020919523 0.6728020786602431
-0.1920713258978018 0.6674727242163858
-0.21352837860382445 0.6683178304501309
-0.2359802295804931 0.6751081655741779
-0.2591327398004263 0.6874390082185884
-0.2826482662202804 0.7047810816257878
-0.30583238299056825 0.7262838241915357
-0.3249203863071271 0.7459727284153699
-0.3387083595100406 0.759386091117524
-0.3475659031901392 0.7667486868607042
-0.3518664995771154 0.7686641375550791
-0.3519521923879083 0.7657604682013462
-0.3481260889384932 0.7586642255348526
-0.3406368795292776 0.7480614264396571
-0.32966319213000755 0.7348912388737271
-0.3154137804056404 0.7209997572170279
-0.2993313895872447 0.7107243563263705
-0.2848001707008898 0.7071348572686793
-0.27364301628467336 0.7096286788706881
-0.26669244184949426 0.7164977867587592
-0.26433880534239784 0.7254056192086825
-0.2665010895134387 0.7337275209596146
-0.27258251919375115 0.7393106543223608
-0.28165943844549357 0.7409007894319046
-0.29258139259974236 0.7380402754084007
-0.30371715272882205 0.7311805454421758
-0.3125174738254554 0.7229989884915174
-0.3174797667503769 0.7172668465673279
-0.3186888278446163 0.715355811163176
-0.31653153790662814 0.7172894227980274
-0.3114405125808908 0.7223405172514125
-0.3040982680228802 0.7288252552373182
-0.2961313674595404 0.7337481862692665
-0.2896262410015179 0.7350720462212587
-0.28574769548250906 0.7329144604876305
-0.2849597654421317 0.7285259843354802
-0.2871941531279753 0.7238712816766804
-0.29176618164267376 0.7210368369875592
-0.2974973410864838 0.7212208822710999
-0.302981144342022 0.724185032118726
-0.3068459286864798 0.7282516445132471
-0.3083255285515079 0.7313050566400525
-0.30742727311829915 0.7321385107514565
-0.304601504079612 0.7306069960144186
-0.30061208052076627 0.7274950497431206
-0.29654725530509335 0.7244244961247287
-0.29348000194568097 0.722962677380041
-0.29202890120689323 0.7236024579667728
-0.29236919473116113 0.7257997150317217
-0.2942890272319765 0.7283432653227075
-0.2971897004192759 0.729928561764489
-0.30023528517438836 0.7298589975594244
-0.3026140182131757 0.7283402855414126
-0.30376162002265933 0.7262836868635625
-0.3035083010450967 0.7247808147218489
-0.3020705873203722 0.7245279783272172
-0.2999308230431967 0.725542822900302
-0.2977117287714619 0.7271972532016368
-0.29601380728965543 0.7285655539364232
-0.2952277780937414 0.72897517033999
-0.29545906026734914 0.7283213576651959
-0.2965508224910062 0.7270356436555159
-0.2981374422129883 0.7258396890318035
-0.29974890454714737 0.7253501091919295
-0.3009544801475949 0.7257499659327492
-0.3014749416903264 0.7267417371557077
-0.3012400972033625 0.7277541872447254
-0.3003890129447497 0.7282644166296222
-0.2992106046719621 0.7280588329951224
-0.2980511163084693 0.7273101454623572
-0.2972168543791753 0.7264575015194031
-0.29689440579008625 0.7259533052745454
-0.29711525980127595 0.7260233276908025
-0.2977676434201116 0.7265747460236438
-0.29863803906526354 0.7272745538141092
-0.2994740454767477 0.7277449762279148
-0.3000563485452703 0.727766818691103
-0.3002547960600296 0.7273751823642516
-0.30005388463150306 0.726813998356673
-0.29954637666098116 0.7263909709490619
-0.29889825270707115 0.726312031256477
-0.29829667445800717 0.7265833780741837
-0.29789789813590006 0.7270276733869147
-0.297788565248063 0.7273953759432258
-0.29796934226958954 0.7275028518142963
-0.2983633497303416 0.7273206437233022
-0.29884404155874467 0.7269728604331208
-0.29927375503523235 0.7266577802944294
-0.29954221606211356 0.7265368547014288
-0.29959365528753235 0.7266538738288817
-0.2994361066147316 0.7269241615701381
-0.29913289232107404 0.7271915230986592
-0.2987801283661897 0.727316712565851
-0.2984773699190341 0.7272483016487222
-0.298300421091315 0.727040716936308
-0.2982835911633081 0.7268156139374284
-0.29841497906927683 0.7266920049953969
-0.2986445157172337 0.7267244050050279
-0.29890115857207095 0.7268806823827559
-0.29911381466865944 0.727067364485809
-0.2992302484239758 0.7271844992183543
-0.2992290949516214 0.727178291926826
-0.2991224118776406 0.7270643020495605
-0.29894913460390826 0.726912438641321
-0.29876207330217164 0.7268053165751848
-0.29861248119538797 0.7267940172861505
-0.2985365720337325 0.72687462457653
-0.2985473796314268 0.7269958117693105
-0.2986335376543377 0.7270903912803629
-0.29876463881354054 0.7271119065692316
-0.2989011717466979 0.727056671092086
-0.2990059854409908 0.7269613248821356
-0.2990540644512375 0.7268796845287347
-0.2990381021754832 0.7268529738924446
-0.298968737716513 0.7268895947326584
-0.29886992085180614 0.7269640379315863
-0.29877114079830813 0.7270335958788425
-0.2986989198332841 0.7270623792755325
-0.29866995813929115 0.7270393652504704
-0.2986876362113839 0.7269816721865902
-0.29874247462774367 0.7269228449845364
-0.29881600662672936 0.7268937298062567
-0.298886657040054 0.726906636357088
-0.29893583639253174 0.7269507404440488
-0.2989525991824486 0.7270000168659613
-0.2989357743458085 0.7270283081752148
-0.2988932647472891 0.727022955762445
-0.2988390044486273 0.7269900470045965
-0.2987886341738546 0.7269493943264241
-0.2987551755081527 0.7269228730210995
-0.29874584430223444 0.7269228376975577
-0.29876072268716836 0.726946644095043
-0.2987934474586017 0.7269795266962977
-0.29883353260311657 0.7270034971985925
-0.2988695571776269 0.72700702225637
-0.29889229601260786 0.7269903649824864
-0.2988969695507565 0.7269642529410065
-0.2988840952605443 0.7269432392249172
-0.29885884106347804 0.7269377415354207
-0.2988291922763963 0.7269490351890682
-0.2988035353972082 0.726969513420193
-0.298788363983664 0.7269875512812317
-0.2987867142481177 0.7269939738636755
-0.2987976849920695 0.7269865948347782
-0.2988170689352751 0.7269706545640463
-0.2988388164095182 0.7269553417130913
-0.29885685141430185 0.7269486030258588
-0.29886671116846464 0.7269531183901039
-0.2988665824743728 0.7269654247493382
-0.2988575168584438 0.7269783321795091
-0.29884285230710006 0.7269850436989375
-0.2988270814280368 0.7269826610766458
-0.2988145296467866 0.7269733110298479
-0.29880821812031544 0.7269625417730208
-0.29880919464893313 0.7269560956988975
-0.29881645957553216 0.7269569000237032
-0.2988274422608843 0.7269638215853319
-0.29883884387074655 0.7269726594016883
-0.2988475861352503 0.7269786351898314
-0.2988516055295295 0.7269789355294101
-0.2988502996405625 0.7269739775478474
-0.2988445428886059 0.7269668676545421
-0.29883630958196067 0.7269615159875259
-0.2988280416084834 0.7269605222173041
-0.29882195238046955 0.7269639558788101
-0.29881945781295344 0.7269695763985695
-0.29882087407813407 0.7269742334847825
-0.2988254382999536 0.7269755996867875
-0.2988316169659526 0.7269732993036253
-0.2988375925648791 0.7269689065470571
-0.29884178049469345 0.7269649278254543
-0.29884323339119695 0.7269634005720483
-0.29884183385611834 0.7269648773867967
-0.2988382436857703 0.7269682864702608
-0.2988336473349759 0.7269716533841153
-0.2988293798790815 0.7269732216059265
-0.2988265522094062 0.7269723477077672
-0.29882577534976973 0.7269697268718163
-0.2988270480677421 0.7269668978444194
-0.29882982075121817 0.7269653570423626
-0.2988331994907594 0.7269657824358893
-0.29883622060492226 0.7269677608688107
-0.29883811474970023 0.7269701109610328
-0.29883849150176406 0.7269715741959599
-0.2988374040193474 0.7269714776177444
-0.2988352894589004 0.7269700258860723
-0.2988328139477705 0.7269681075630515
-0.2988306728409152 0.7269667648745778
-0.2988294033704737 0.7269666364777309
-0.29882925772492896 0.7269676659253325
-0.29883016402060814 0.726969200956305
-0.2988317769585542 0.7269703927506284
-0.2988335962474153 0.7269706572323338
-0.2988351150380133 0.7269699520901256
-0.29883595608548985 0.7269687438771737
-0.2988359603947037 0.7269677135306585
-0.29883520894394827 0.7269673799908968
-0.2988339778039175 0.7269678461978059
-0.2988326449395194 0.7269687874788408
-0.29883157843867425 0.7269696640033856
-0.2988310382382714 0.7269700240562657
-0.2988311167364665 0.7269697309191728
-0.2988317306277505 0.726969002727054
-0.29883266108252843 0.726968263229736
-0.2988336264654751 0.7269679001663404
-0.2988343645262276 0.7269680664648089
-0.29883470083446867 0.7269686236673164
-0.2988345864464013 0.7269692429332145
-0.29883409795532007 0.7269695953021138
-0.2988334039583202 0.7269695231791093
-0.29883271052384086 0.7269691055428504
-0.2988322024446395 0.7269685934566767
-0.2988319963147645 0.7269682623562141
-0.2988321165769824 0.7269682663087904
-0.2988324984312608 0.7269685699303841
-0.298833014038087 0.726968985665684
-0.29883351273460235 0.7269692865142728
-0.2988338632748136 0.726969327996736
-0.29883398677628065 0.7269691149663678
-0.2988338725902363 0.7269687840293886
-0.29883357453130305 0.7269685191943034
-0.2988331903127848 0.7269684513602481
-0.29883283121709153 0.7269685955870621
-0.2988325909963653 0.7269688550008883
-0.2988325224043328 0.7269690825910077
-0.29883262696573026 0.7269691628824895
-0.2988328595182685 0.7269690689371415
-0.298833144920578 0.7269688674644575
-0.2988334012483626 0.7269686745944693
-0.29883356255928045 0.7269685903194123
-0.29883359508239565 0.7269686479214568
-0.29883350308373546 0.7269688032559871
-0.29883332385542033 0.7269689654962064
-0.2988331143023121 0.7269690491700642
-0.2988329336320989 0.7269690182334357
-0.2988328272345063 0.726968899991847
-0.2988328159635096 0.7269687646098112
-0.29883289311823175 0.7269686843066789
-0.2988330290989773 0.7269686955211176
-0.29883318166881095 0.7269687834634081
-0.2988333084923241 0.7269688948791552
-0.29883337838924834 0.7269689695732369
-0.2988333784686306 0.726968972413523
-0.2988333156952489 0.7269689091059731
-0.29883321304969956 0.72696881914896
-0.2988331018393067 0.726968751913314
-0.2988330125655641 0.7269687399841261
-0.2988329668952291 0.7269687839110284
-0.2988329727493624 0.7269688551578899
-0.2988330235164714 0.7269689138881087
-0.29883310121445644 0.7269689308361393
-0.2988331823935262 0.7269689014682105
-0.29883324494835417 0.72696884583569
-0.29883327392626485 0.7269687956384436
-0.29883326485891576 0.7269687765247355
-0.29883322394746087 0.7269687953291919
-0.2988331653472002 0.7269688384032124
-0.2988331065655509 0.7269688807942307
-0.29883306340668037 0.7269689004004514
-0.29883304588152165 0.7269688892225526
-0.2988330560974558 0.7269688561353864
-0.2988330884983016 0.7269688205807021
-0.29883313214593693 0.7269688013746846
-0.2988331742123411 0.7269688069525322
-0.2988332036123722 0.7269688319933295
-0.2988332137864805 0.7269688615507791
-0.2988332039802545 0.7269688797916234
-0.29883317884196425 0.7269688783309479
-0.2988331466264406 0.7269688598621155
-0.29883311663051004 0.7269688356583037
-0.2988330966190397 0.7269688188561216
-0.29883309092092875 0.7269688174378817
-0.2988330996268061 0.7269688305954289
-0.2988331189874052 0.7269688500303019
-0.2988331427879444 0.7269688650199168
-0.2988331642408938 0.7269688682361931
-0.2988331778477491 0.726968859213217
-0.2988331807401319 0.7269688438954841
-0.2988331731928995 0.7269688308960006
-0.2988331582492126 0.7269688267432227
-0.2988331406395253 0.7269688326933182
-0.29883312534946926 0.726968844610131
-0.29883311625461606 0.7269688556664602
-0.29883311518464184 0.7269688601753458
-0.29883312163000497 0.7269688564411946
-0.2988331331096155 0.726968847243135
-0.29883314603577943 0.7269688379361442
-0.2988331567924946 0.7269688333986134
-0.29883316271277577 0.7269688355333728
-0.29883316269995047 0.726968842570043
-0.29883315736130495 0.7269688503529257
-0.29883314866902805 0.7269688547451993
-0.29883313929001426 0.7269688537849087
-0.2988331318001304 0.7269688484934819
-0.29883312800587486 0.726968842049177
-0.2988331285428879 0.7269688379185135
-0.2988331328282157 0.7269688380226459
-0.2988331393409737 0.7269688418902729
-0.29883314612222855 0.7269688471401107
-0.2988331513391962 0.7269688509093953
-0.2988331537585562 0.7269688513905341
-0.29883315301367736 0.7269688486653357
-0.2988331496161343 0.7269688444729072
-0.2988331447336613 0.7269688411387676
-0.29883313981568427 0.7269688403065654
-0.29883313617993207 0.726968842152241
-0.2988331346734133 0.7269688454411228
-0.2988331354910865 0.7269688483134135
-0.29883313818613144 0.7269688493157858
-0.2988331418514618 0.7269688481171223
-0.29883314540787614 0.726968845567418
-0.29883314791120036 0.7269688431352793
-0.298833148793527 0.7269688420796324
-0.29883314797937544 0.7269688428140497
-0.29883314585725756 0.7269688447757378
-0.29883314312851883 0.7269688468169219
-0.29883314058674404 0.7269688478622849
-0.2988331388946594 0.7269688474630573
-0.29883313841928455 0.7269688459691248
-0.2988331391638594 0.7269688442674535
-0.29883314080468537 0.7269688432663544
-0.2988331428117605 0.7269688434197144
-0.2988331446118513 0.7269688445352083
-0.2988331457458524 0.726968845938246
-0.29883314597916083 0.7269688468709128
-0.29883314534084 0.7269688468947577
-0.29883314408882194 0.7269688460872853
-0.2988331426181474 0.7269688449503732
-0.29883314134234373 0.726968844106993
-0.2988331405819028 0.7269688439652069
-0.29883314048847315 0.726968844527574
-0.29883314102118663 0.7269688454305947
-0.29883314197629546 0.7269688461706075
-0.29883314305720365 0.7269688463798626
-0.2988331439625312 0.7269688460040521
-0.2988331444671223 0.7269688452988036
-0.2988331444750291 0.7269688446651899
-0.2988331440328557 0.7269688444261165
-0.2988331433035211 0.7269688446660033
-0.2988331425111783 0.726968845210901
