2.263485227139347 -0.841041881279248
2.220995015036798 -0.7984913780718575
2.1715328488764793 -0.748821062448487
2.117252868284642 -0.6940516568866664
2.0596074593358 -0.6354676176516866
1.9996746244197114 -0.5739654656514142
1.9382943448676098 -0.5102098196254207
1.876130961046123 -0.4447135023647076
1.8137009321203321 -0.37788269627388005
1.7513838889612456 -0.31004480388312067
1.6894279169625956 -0.24146727389512285
1.6279567905090946 -0.1723713508891977
1.566983867321493 -0.10294263163704309
1.5064338377002202 -0.03333932369762925
1.4461702706600488 0.03630131936249156
1.3860249322345357 0.10585804676351662
1.3258245841172296 0.17522181963032132
1.2654120508637343 0.24429284636207863
1.204660038485902 0.31297811007020543
1.1434778149008393 0.38118906190708024
1.0818120067021735 0.44883914793465385
1.0196432963105169 0.5158407840479348
0.9569808015924207 0.5821012450450829
0.893855579400301 0.6475165991598016
0.8303142204196179 0.7119620895904845
0.7664130607485449 0.7752756989934553
0.7022133301651898 0.8372274754518877
0.6377784605431973 0.8974556469063166
0.5731818302696559 0.9553160274251327
0.5085717015065109 1.009504491201468
0.44446897587624 1.0574192485078089
0.38225792104532247 1.0959641125131652
0.32360344196455243 1.124015251027918
0.2695965522840676 1.1420982206392845
0.2207819119476065 1.1512864449021083
0.17738524602550598 1.1527396779877435
0.13946762692476297 1.147562284953758
0.10701246029652632 1.136769490917304
0.0799729948246005 1.121293223115489
0.05829674204047339 1.1020079959700444
0.04193439686709629 1.079774481095952
0.030834541371680364 1.0555059999676233
0.024920311322759063 1.0302601708823027
0.024048766718185455 1.0053193363084627
0.027992211180367117 0.982128704417809
0.036516894125578916 0.9619753609743349
0.04951077494298264 0.9456179500523518
0.06696765820248951 0.9331911591716336
0.0887987140189589 0.9243915291391739
0.1146697331185279 0.9187722192778057
0.1439844388082113 0.9159842751754257
0.17592168414805504 0.9159026999490433
0.20939217176092503 0.9186648509261004
0.24281870851740614 0.9246227421300952
0.2737409553752342 0.9340751106259024
0.2989314300045842 0.9466412207397135
0.31609396427319686 0.960903427284225
0.3250526695740776 0.9749534112056571
0.3269805641511232 0.9870845022938941
0.3233817711755482 0.9961271066824718
0.3156129302437245 1.0014540476526488
0.3047788081276181 1.002841683919513
0.29177328125706997 1.0003295186699876
0.27737247942139037 0.9941272655275833
0.2623968050715489 0.9845928052867768
0.24813275284856784 0.9724288159443246
0.2372354821353827 0.9599109632104933
0.23107838943664522 0.9502166023925915
0.2290797986288621 0.9442029770183988
0.2305052573317025 0.9418631496872822
0.23468005362528452 0.9429718109378301
0.24096857294432786 0.9472296753779565
0.24870493266458418 0.9542449292407488
0.25700707018850216 0.9633048691554122
0.2643590718473605 0.9725517221120088
0.26935703384883514 0.9793192758048009
0.27179421702615825 0.982631487681761
0.2718423677054223 0.9824958963932873
0.26973201928368645 0.9793009249628667
0.2657368309348419 0.9737228798080902
0.2603380425359796 0.9669325974603427
0.25459696179732016 0.9608462155710306
0.2498274767798189 0.9570525508774547
0.2468086188929142 0.9559863197113602
0.24586871664354742 0.9574537917846951
0.24705625217986119 0.9609377629817045
0.25013647526613 0.965590985405586
0.2544373811541713 0.9701495690600026
0.2588742626167932 0.9732943967812565
0.2624533249696457 0.9743484951723057
0.26454258966711613 0.9733281294774087
0.264830335996887 0.9707185595530349
0.26331965567763455 0.9673489699095454
0.26040935123573655 0.9642403249194268
0.2568671039980874 0.9622616701896991
0.2535740296665277 0.9618199245408162
0.25126715760999413 0.9628412017271049
0.25040307631022674 0.9648915556371848
0.2510824672493144 0.9673049147393805
0.25302702469025007 0.9693525413302387
0.2556674606166676 0.9704705318773488
0.2583239116027999 0.9704310478720289
0.2603755162736627 0.9693716963089204
0.2613837977855818 0.9677164234168881
0.26118354475378297 0.9660254913215941
0.2599154065027125 0.9648075513085407
0.257971649666043 0.9643678901103557
0.25588087450260655 0.9647469227948273
0.2541704881651483 0.9657414957324973
0.2532319431692999 0.9669873508973514
0.2532265703086336 0.9680830697008549
0.2540686722002887 0.968715678665483
0.2554776553695164 0.9687437867154818
0.25706274033027565 0.9682217198445776
0.25841963495641357 0.9673674264265545
0.25923006264277093 0.9664813164194912
0.25933915258168655 0.965841058442861
0.25878184083101297 0.9656160131320477
0.2577564613248583 0.9658294109035376
0.2565622142446362 0.966368112766467
0.2555158111450599 0.9670302182905145
0.25486678773741056 0.9675966056126933
0.25473888902428515 0.9679017174310817
0.25511359111156917 0.9678784716454908
0.2558503844381441 0.9675676907544316
0.2567314982207199 0.9670954123802437
0.2575215423689674 0.966626390585513
0.2580293242119753 0.9663082342256909
0.25815379595900934 0.9662260273687957
0.2579013288722356 0.9663821295454511
0.25737342570620525 0.9667038729708562
0.25673161963783836 0.9670733770422537
0.2561500373241674 0.9673689774852211
0.25576924428081305 0.9675042795068364
0.2556642063558108 0.9674519074104849
0.2558327792445932 0.9672460668406649
0.2562042802605818 0.9669659234484089
0.25666391091798707 0.9667067708943894
0.2570862115066781 0.9665486482081473
0.2573683532796457 0.966532485641805
0.25745418306511014 0.9666507766986154
0.2573434989532938 0.9668542891149822
0.25708588826405754 0.9670712160371034
0.25676252084859036 0.9672318120158122
0.2564619759820809 0.9672902905398838
0.2562570602357625 0.9672371451745774
0.25618836634055636 0.9670988342493827
0.25625777380940823 0.966926204845123
0.2564323197236471 0.9667763800453844
0.25665639832513576 0.966694341128726
0.2568683546580356 0.9666999521420705
0.257016726561421 0.9667839607677181
0.2570719808040829 0.9669134076286171
0.2570312832547815 0.9670439585608771
0.256915970823354 0.9671347503829898
0.25676330846139356 0.9671608845278598
0.25661533758410204 0.9671198233958103
0.2565079395394299 0.9670302067598161
0.2564627529935491 0.9669241466694617
0.25648356695279867 0.9668360153157554
0.25655753864327085 0.9667915549030461
0.25666035252604474 0.9668006669741461
0.2567635577898524 0.9668557672542523
0.25684200353438863 0.9669357011722655
0.256879540705361 0.9670135156360951
0.25687182884943016 0.9670653420026836
0.25682594816954385 0.9670775271385157
0.256757327773411 0.9670499416545113
0.2566850647913389 0.9669947781402277
0.25662693897119165 0.9669316283310826
0.25659533214708385 0.9668807199790324
0.25659490468430385 0.9668565935512007
0.25662236642644165 0.9668641419115791
0.2566681468424332 0.9668980127420622
0.2567193506279303 0.9669452369086935
0.2567631627543142 0.966989965738597
0.2567898623236506 0.967018652389561
0.2567947908341355 0.9670240260548949
0.25677893333511825 0.9670067358896163
0.2567481240526367 0.9669743752679112
0.25671119808504766 0.9669384435701854
0.25667761713422677 0.9669103933974277
0.2566551674893783 0.966898084539914
0.25664825890634735 0.9669037079025105
0.256657169586807 0.9669236779356217
0.2566783352116757 0.9669503301760536
0.25670552943319797 0.9669747162471707
0.25673158605823576 0.966989517020546
0.2567502111481885 0.9669911534238675
0.25675744450264415 0.9669805154997586
0.2567524445903066 0.9669622208203996
0.25673745511058815 0.9669427839721951
0.2567170176611896 0.9669283823659295
0.2566966740087952 0.9669229605463107
0.25668151189599664 0.9669272324288934
0.25667492605395825 0.9669388010274677
0.25667789035892014 0.9669532417183656
0.25668889081730567 0.9669657084435747
0.25670449274210155 0.966972503116881
0.2567203559082414 0.9669721173983712
0.25673240891432314 0.966965472845016
0.25673787156036004 0.9669553672481851
0.2567358728161864 0.9669453858545379
0.256727532210284 0.96693867926125
0.2567155199389161 0.966937010254423
0.25670324593465926 0.9669403441611927
0.2566939156649084 0.9669470554637208
0.2566897097573765 0.9669546195231123
0.2566912943061049 0.9669605173619791
0.25669776663592875 0.9669630418481507
0.2567070182858355 0.96696175756933
0.2567163875435764 0.9669575033150452
0.25672340637994745 0.9669519843789571
0.25672643611943263 0.9669471289067822
0.2567250314216908 0.9669444405145083
0.25671995711242274 0.9669445566144513
0.25671288140340276 0.9669471338199616
0.2567058542091426 0.9669510635238048
0.2567007283738225 0.9669549135464823
0.25669868397216034 0.9669574291476346
0.2566999745140098 0.9669579244250333
0.25670394378128936 0.9669564478714697
0.2567092847331077 0.966953691045911
0.256714449088151 0.9669506960953596
0.25671808364864823 0.9669484778967831
0.2567193733854135 0.9669476929722047
0.25671820750720903 0.9669484589902957
0.2567151404670128 0.9669503691979889
0.25671117809560046 0.9669526779567859
0.25670746357947855 0.9669545797979179
0.25670495787434294 0.966955481241255
0.25670420129372534 0.9669551766860389
0.2567052123269176 0.9669538796601165
0.2567075369062077 0.96695211285913
0.2567104192860052 0.9669505064850369
0.25671303580180943 0.9669495798824161
0.2567147219412835 0.9669495799543592
0.25671513235860133 0.9669504243393858
0.25671429807772406 0.9669517584381214
0.25671257678790294 0.9669530970890997
0.2567105214218883 0.966953996515405
0.25670871139771834 0.9669541971608031
0.2567075959156869 0.966953693004717
0.25670738980199886 0.9669527111511438
0.2567080436116463 0.9669516164574442
0.2567092872861989 0.9669507792822573
0.2567107270914184 0.9669504531296385
0.25671196376989036 0.9669507015204438
0.2567126980664083 0.9669513937362461
0.2567127972667406 0.9669522647171992
0.2567123099712416 0.966953013763921
0.25671143159605214 0.9669534062244423
0.2567104357635442 0.966953344562023
0.25670959377985797 0.9669528882348586
0.25670910467894115 0.9669522204294025
0.2567090526638703 0.9669515772725144
0.25670939947763943 0.9669511660328156
0.2567100092140331 0.9669511000459149
0.25671069504391747 0.9669513701334063
0.2567112730928101 0.9669518585707918
0.2567116088275218 0.9669523872042699
0.2567116451498124 0.9669527809178158
0.2567114074491296 0.9669529243442182
0.25671098728768105 0.9669527939343924
0.25671051151386626 0.9669524571815634
0.2567101063329154 0.9669520422738014
0.256709865871247 0.9669516908002579
0.2567098324381748 0.9669515104992712
0.2567099919118179 0.9669515434439871
0.2567102835669623 0.9669517585864996
0.2567106202489319 0.9669520687967388
0.25671091279466984 0.9669523645263434
0.2567110922956424 0.9669525515463256
0.2567111250420032 0.9669525800696954
0.25671101730430174 0.966952456593166
0.25671080983713546 0.966952236265284
0.2567105644553043 0.9669520001596632
0.2567103466988534 0.9669518263398241
0.2567102091657801 0.966951764767153
0.2567101795228405 0.9669518238653028
0.2567102557345685 0.9669519719752862
0.2567104090925449 0.9669521517441785
0.2567105936768587 0.9669523014496088
0.25671075940142835 0.9669523755863102
0.25671086510948654 0.966952358048874
0.25671088841437234 0.9669522643416502
0.2567108300171746 0.9669521332080288
0.2567107117774155 0.9669520115078006
0.2567105694530105 0.9669519380030855
0.2567104423406275 0.9669519314963623
0.25671036271568204 0.9669519867746214
0.2567103478496933 0.9669520788859858
0.25671039653994365 0.9669521734709516
0.256710490778092 0.9669522391047017
0.2567106017801473 0.9669522573595064
0.2567106984805418 0.9669522274955707
0.2567107560458182 0.9669521647904377
0.2567107621084397 0.9669520937317109
0.2567107191833984 0.9669520388776607
0.25671064286821055 0.9669520166740074
0.2567105566067576 0.9669520308532992
0.25671048469051017 0.9669520725734005
0.2567104455453105 0.9669521247470568
0.25671044713419683 0.966952168669217
0.2567104855935391 0.9669521904765234
0.2567105472419888 0.9669521852870986
0.2567106131514117 0.9669521578728475
0.2567106648122296 0.9669521200032123
0.25671068922821877 0.9669520857069331
0.2567106820618995 0.9669520662719073
0.2567106481057831 0.966952066703397
0.25671059916433464 0.9669520846895062
0.2567105501546067 0.9669521121647995
0.25671051467060096 0.9669521386714542
0.2567105013049965 0.9669521551879591
0.2567105116988402 0.9669521570714728
0.25671054071758675 0.9669521451992082
0.256710578514772 0.9669521251010796
0.2567106137304942 0.9669521045831099
0.25671063681750667 0.9669520908075928
0.2567106425433008 0.9669520878862303
0.25671063103856895 0.9669520957624267
0.25671060723440253 0.9669521106404659
0.2567105790032517 0.9669521266629311
0.2567105546563969 0.9669521381376449
0.25671054056937825 0.9669521414936926
0.25671053959369566 0.9669521363178376
0.25671055062341386 0.9669521252010058
0.25671056931979985 0.9669521125599913
0.25671058966828614 0.966952102937183
0.2567106058403172 0.9669520994140678
0.25671061380243465 0.9669521026759486
0.25671061224669284 0.9669521109910629
0.25671060265501366 0.9669521210277121
0.25671058857554657 0.966952129150976
0.25671057440274864 0.9669521327078502
0.2567105640596873 0.9669521308582023
0.25671055996282444 0.9669521247055528
0.25671056252596425 0.9669521167452093
0.2567105702786051 0.9669521098809645
0.256710580492942 0.9669521063876955
0.25671059008434083 0.9669521071820976
0.2567105965024385 0.9669521116253615
0.25671059836738236 0.9669521178785893
0.25671059570690163 0.9669521236397388
0.25671058977842554 0.9669521269749457
0.2567105825769185 0.9669521269501916
0.2567105762026609 0.9669521238640814
0.25671057227914973 0.9669521190372324
0.256710571572945 0.9669521142699564
0.2567105738925507 0.9669521111837418
0.25671057825773824 0.9669521106826022
0.2567105832589657 0.9669521127080681
0.25671058748620024 0.9669521163453284
0.25671058990397627 0.9669521202125367
0.2567105900802021 0.9669521229744752
0.25671058822716675 0.9669521237936135
0.25671058506805156 0.9669521225700738
0.2567105815860604 0.9669521199078296
0.2567105787362648 0.9669521168438889
0.2567105771994496 0.9669521144548945
0.25671057723626917 0.9669521134869014
0.2567105786670066 0.9669521141326003
0.25671058096717764 0.9669521160182201
0.2567105834411062 0.9669521183847917
0.2567105854204484 0.9669521203834379
0.2567105864344854 0.966952121372969
0.25671058631199645 0.9669521211179187
0.256710585195954 0.9669521198289682
0.25671058347602255 0.9669521180472224
0.2567105816639325 0.9669521164271051
0.25671058024878274 0.9669521155020343
0.2567105795710561 0.9669521155147196
0.2567105797461022 0.9669521163637556
0.2567105806527667 0.9669521176732232
0.2567105819849733 0.9669521189491561
0.2567105833480083 0.9669521197605102
0.2567105843709407 0.9669521198800904
0.2567105848043218 0.9669521193411253
0.256710584578199 0.9669521183986513
0.25671058380759637 0.9669521174187279
0.2567105827474766 0.9669521167410261
0.256710581712706 0.966952116564867
0.25671058098713534 0.9669521168955771
0.2567105807474715 0.9669521175634039
0.25671058102202376 0.9669521183008858
0.25671058169356176 0.9669521188457946
0.256710582542656 0.9669521190313086
0.2567105833167266 0.9669521188334868
0.2567105838036535 0.9669521183640565
0.256710583888798 0.9669521178168023
0.2567105835803111 0.9669521173911336
0.25671058299763555 0.9669521172219037
0.2567105823290023 0.9669521173393324
0.25671058177229067 0.9669521176698572
0.2567105814774767 0.9669521180732719
0.25671058150720855 0.9669521183992734
0.25671058182562634 0.966952118541486
0.2567105823165976 0.9669521184702101
0.25671058282384257 0.9669521182345985
0.25671058319956364 0.9669521179367145
0.2567105833466927 0.9669521176896103
0.2567105832428768 0.9669521175759535
0.256710582940627 0.9669521176218289
0.2567105825455326 0.9669521177934468
