-2.617067350729209 0.35222210155740513
-2.615319301090205 0.3581996123350769
-2.61285549967622 0.3666796095875209
-2.609781549135612 0.37735994940968226
-2.606202228953053 0.3899554590532039
-2.602221060126854 0.40419824668330134
-2.5979400467182 0.4198380132813554
-2.5934595629329458 0.436642397422531
-2.5888783630948544 0.45439738052369577
-2.5842936980357925 0.4729077785073715
-2.579801525153194 0.49199784641524225
-2.57549680042822 0.5115120258929318
-2.5714738384594904 0.531315872029741
-2.567826720005194 0.5512972058510609
-2.5646497140344495 0.5713675513527168
-2.562037660568794 0.5914639297990851
-2.5600862286254036 0.6115510955561267
-2.558891916921405 0.6316242999178481
-2.5585516009854556 0.6517126491822909
-2.5591613500039054 0.671883058622622
-2.5608141510846125 0.6922446616977532
-2.563596119145947 0.7129532721506497
-2.56758080263513 0.7342150827921257
-2.572821423223884 0.756288240475087
-2.5793414257066147 0.7794804163765027
-2.5871245860057153 0.8041403502045447
-2.5961068992232366 0.8306420758193116
-2.6061729772676467 0.8593624033896047
-2.6171590784220724 0.8906547647317196
-2.628863060306504 0.9248244089386582
-2.6410593153040027 0.962109867334579
-2.6535153633100226 1.0026735062585093
-2.6660068824897087 1.0466011251730436
-2.678329168840607 1.0939084299537356
-2.6903044572736556 1.144551452199558
-2.701785575483255 1.1984383122644113
-2.7126568783134104 1.2554405197421228
-2.722833468256907 1.3154027957142875
-2.732259557596459 1.378150975389714
-2.74090662571665 1.4434978793388782
-2.748771854845037 1.5112471710329816
-2.755877223757057 1.5811951964803337
-2.7622696171712353 1.653130648352702
-2.7680223915199207 1.7268315833914296
-2.7732390973873358 1.8020587338901313
-2.778060747386856 1.8785428692280373
-2.782680149438106 1.9559611028086505
-2.7873752587537712 2.033887260528311
-2.792616417209202 2.111645136473397
-2.7995558669479066 2.1874074304926783
-2.809765985050528 2.2530279709443843
-2.821898349128105 2.3058083331247547
-2.8354961165952397 2.346507517987769
-2.8504215154373145 2.376132353958077
-2.8665828226737537 2.3956777227877835
-2.8838656908246274 2.4061144707743325
-2.9021149325640754 2.408400140372605
-2.9211228023081857 2.403495440835225
-2.9406088051278254 2.3923900417079857
-2.9601828033397917 2.3761414994773244
-2.9792875632918654 2.355922666233554
-2.997137438225085 2.333040525957928
-3.012726435894341 2.308822802295368
-3.0250124339840463 2.284280510389524
-3.0332321624067276 2.2597499776617256
-3.0371148244594983 2.2349444041044397
-3.0368484452705604 2.2094809187319076
-3.032868293304437 2.1835143115801863
-3.0256924994008156 2.1581839786744705
-3.0159488727604664 2.1356230199805344
-3.0043966361898113 2.1180658846638987
-2.9917302986899443 2.1068564035858164
-2.9784414763884857 2.1024169546437683
-2.964830457650594 2.104602792530608
-2.9510499262887464 2.1129562397801176
-2.9371272940576842 2.1268259900276982
-2.922951655702228 2.1453781410107204
-2.9082050787364344 2.1673861284402913
-2.8923789722637268 2.1895642335409997
-2.8773760958929464 2.2048063036438497
-2.8647596319698163 2.2124999596197976
-2.855049205711941 2.2133176253830658
-2.8484377176860662 2.2080822855575017
-2.84502224823835 2.19775632197649
-2.8449263874384614 2.183697458354723
-2.8482725669258966 2.1683932290762202
-2.8545490903314104 2.155970033941656
-2.862502233984703 2.149313465804488
-2.8711669233412356 2.1491177832452983
-2.8799184302451737 2.155072450301881
-2.88820877113579 2.166204565615103
-2.8951749324570324 2.1797893424097423
-2.899964875004919 2.1899228632942496
-2.9027196661383097 2.194602198475385
-2.903628800282344 2.1939171454455293
-2.902766991593532 2.188522213233806
-2.9001021987389795 2.1796056318703214
-2.895650644164187 2.1697130380209426
-2.890097322145699 2.162931159738097
-2.8844322104216533 2.1612614397765384
-2.879343787079257 2.16462411120918
-2.8754353015673972 2.1716375052127677
-2.8733254552429535 2.1792121748694187
-2.8731653267936816 2.1839720815955666
-2.8746742934820606 2.184653038113138
-2.8774931549247595 2.1814462811175357
-2.8811938847313363 2.175631200027658
-2.885140520281332 2.169886652359927
-2.888621785385275 2.1669287850688566
-2.891193048785122 2.1675880020689324
-2.892585710313538 2.1712222814174575
-2.8926496354382634 2.1760704962131947
-2.891492098960147 2.1798263614962337
-2.889477203136854 2.180992002963611
-2.887018966364808 2.179341264203575
-2.8845090928176154 2.1757374277583748
-2.8823218831331396 2.171961206442791
-2.880745327109523 2.1698229448265147
-2.8799276276843195 2.1700859670186285
-2.8799203879027067 2.17238123692675
-2.8806900660561072 2.175473538153589
-2.8820782688357096 2.177816446455438
-2.8838151193717745 2.178409269468835
-2.8855879408730996 2.1771785164112942
-2.8870902893602506 2.174872113147282
-2.888079381183189 2.1727017282360346
-2.888438497478757 2.1716951651723426
-2.8881765113181253 2.172200964907931
-2.88739486009899 2.17383651041922
-2.8862725718280364 2.175714028866024
-2.8850412254088047 2.176898457275445
-2.883927300749357 2.1768890566349204
-2.8831032891807786 2.1757992033593627
-2.8826670525908997 2.1742434825002253
-2.8826370215543786 2.1730155838408485
-2.8829641002343673 2.1726755703443983
-2.883555682229454 2.1733008029946825
-2.88429532313611 2.1745011801973058
-2.885057165145093 2.1756441127267907
-2.8857225161330198 2.1761896842112085
-2.886195685705305 2.1759440094129627
-2.8864151462198158 2.175107302391145
-2.886362499257873 2.174141173149824
-2.8860665717016913 2.1735247680616503
-2.8855965542368227 2.1735188643468004
-2.885046964262572 2.1740624046076538
-2.884520295774364 2.1748335015321842
-2.884108034597116 2.175430780032309
-2.8838725730647323 2.175579213793893
-2.883836670773794 2.1752501796713486
-2.8839833664063157 2.1746495717462504
-2.8842646178341473 2.17409677435405
-2.8846154477340726 2.173858003411955
-2.884968862786766 2.1740206918160583
-2.885267488920397 2.1744686409839793
-2.885470908099581 2.1749583589323143
-2.885558908785433 2.1752500743635523
-2.885530918629339 2.1752234887859956
-2.885402951987178 2.1749230052387993
-2.885203686463943 2.1745200706377514
-2.884969993173889 2.1742185324695873
-2.884741609987698 2.174152693725519
-2.884555288278032 2.1743290831628417
-2.8844391680456574 2.1746362665184167
-2.884408144607436 2.1749109970590497
-2.884461277812195 2.1750229959277623
-2.8845823153008254 2.174934764230363
-2.884743573883116 2.174710117674405
-2.8849122925795814 2.1744730011361555
-2.8850577227140484 2.1743411513576607
-2.885157004981896 2.1743692266073733
-2.8851985287952924 2.1745284068625317
-2.8851824686278724 2.1747286865316844
-2.8851188915044665 2.174868705715965
-2.8850242794312075 2.1748861149723333
-2.8849175980832613 2.1747839387858794
-2.884816902178408 2.174622735348509
-2.8847369426508127 2.1744857376856204
-2.884687755154201 2.1744363437762213
-2.8846740035119613 2.1744893593674464
-2.8846948748814962 2.1746086855092566
-2.8847444612331956 2.1747299437137437
-2.8848126977594934 2.174794532345237
-2.8848869412839124 2.1747773843810596
-2.884954113288541 2.1746956223891645
-2.8850030735798073 2.1745959234775394
-2.885026682047019 2.1745288523883826
-2.885023001564925 2.1745238843818013
-2.884995330552236 2.174577189461375
-2.884951099840453 2.174656846743925
-2.8848999714959267 2.174721206955762
-2.8848516669608926 2.1747401524076757
-2.8848140860841416 2.1747086261476753
-2.884792127998476 2.174646644632127
-2.88478734797066 2.1745871350796677
-2.8847983163407074 2.1745586875262264
-2.8848213973571544 2.1745720953139824
-2.8848516627547154 2.1746168604176197
-2.884883749029341 2.1746683792272887
-2.8849125834157827 2.1747012526997946
-2.8849339822224156 2.1747016442481915
-2.884945139592201 2.1746727931314584
-2.8849449840448558 2.174631710773459
-2.8849343273760066 2.174599547392697
-2.884915718714993 2.1745909262489147
-2.8848929691492664 2.1746075203085953
-2.884870407532612 2.17463856530003
-2.8848520214811755 2.1746673632181075
-2.8848406893170617 2.174680012035968
-2.884837694371176 2.1746718944447387
-2.884842631191121 2.174648999540207
-2.884853692804534 2.1746239541943626
-2.884868218650454 2.1746092187321238
-2.884883326993461 2.1746110346638847
-2.8848964673489754 2.1746269929966218
-2.8849057899281307 2.174648047260826
-2.884910306487517 2.1746635519749633
-2.8849098786571745 2.174666578783258
-2.884905097440324 2.174656903615002
-2.8848971102193106 2.174640449664169
-2.884887424655395 2.1746258096665336
-2.884877694836292 2.17461982338355
-2.8848694896713996 2.174624447930573
-2.884864057584224 2.174636309198627
-2.8848621230809375 2.1746488827117205
-2.8848637638382217 2.174655980668127
-2.8848684100273876 2.174654720981532
-2.8848749791613684 2.17464658985177
-2.884882119722674 2.174636274712713
-2.8848885021921564 2.174629058711939
-2.8848930821342824 2.1746281867416806
-2.8848952722717938 2.1746334860477936
-2.8848949927113425 2.174641786908455
-2.8848926067993363 2.174648759630938
-2.8848887800354484 2.1746511341745367
-2.8848843117764646 2.1746481860924476
-2.884879982992298 2.1746418401281686
-2.8848764447016815 2.1746354782367514
-2.884874151467333 2.174632158687953
-2.884873331410785 2.1746331684493847
-2.884873981856243 2.174637577754201
-2.8848758850156964 2.1746429128685705
-2.8848786447678814 2.1746465088953295
-2.8848817477263515 2.174646818442814
-2.8848846471085112 2.1746440461930687
-2.8848868585844354 2.1746398697482396
-2.8848880486131003 2.17463647439288
-2.884888093167255 2.1746354393353826
-2.884887090669871 2.1746370310909136
-2.884885325652217 2.174640206266296
-2.8848831941270543 2.1746432511717093
-2.8848811122591385 2.17464468360348
-2.8848794327528533 2.174643952289545
-2.8848783879836293 2.1746416142174225
-2.8848780681576542 2.1746389555628096
-2.8848784314207685 2.1746372955528814
-2.88487933515253 2.174637342765432
-2.884880575695072 2.1746389112006534
-2.8848819266891046 2.1746410982622266
-2.8848831712985255 2.1746427924228575
-2.884884127868398 2.1746432315533686
-2.884884670126483 2.1746423361878904
-2.8848847419358643 2.174640678738902
-2.88488436443328 2.174639140134779
-2.884883632227695 2.174638451766896
-2.8848826965189445 2.174638856400037
-2.8848817363895236 2.174640040526593
-2.884880923647375 2.174641343605689
-2.8848803894615878 2.1746421146851036
-2.8848802011569927 2.174642028362593
-2.884880354673704 2.1746412106681206
-2.8848807834433554 2.1746401327431233
-2.884881379668833 2.1746393471923704
-2.884882021006036 2.174639210927275
-2.884882595338182 2.174639730542477
-2.8848830184179635 2.1746405932020827
-2.8848832424244093 2.1746413496482555
-2.884883256466585 2.1746416454003215
-2.8848830817064086 2.1746413831613296
-2.8848827638192596 2.1746407444812057
-2.884882364493337 2.174640074178942
-2.8848819524991876 2.1746396972470006
-2.8848815943091974 2.1746397637420394
-2.884881344560234 2.174640194037488
-2.884881237496223 2.174640740884328
-2.8848812812364604 2.174641126417545
-2.8848814566946017 2.1746411800943033
-2.8848817220274667 2.174640910539905
-2.884882021929206 2.174640483092888
-2.8848822995538406 2.1746401234521975
-2.8848825080104095 2.1746400016623326
-2.884882618585998 2.1746401547847607
-2.884882624006616 2.174640481973262
-2.884882536649576 2.174640807129673
-2.884882383037621 2.1746409719686404
-2.8848821966858136 2.1746409112529324
-2.884882011288353 2.174640675421512
-2.8848818555334295 2.1746403948357687
-2.8848817499422426 2.17464020878414
-2.8848817054551166 2.174640197186016
-2.884881723248189 2.1746403478474394
-2.884881795411684 2.1746405715983137
-2.8848819064187836 2.1746407531847884
-2.8848820354917617 2.1746408096626815
-2.8848821598758274 2.1746407272318407
-2.8848822586974494 2.1746405608248005
-2.8848823167047746 2.174640400406551
-2.8848823269965163 2.174640323695619
-2.8848822919884145 2.174640359624882
-2.884882222324732 2.1746404792035454
-2.8848821340438695 2.174640615464406
-2.884882044811502 2.174640699886394
-2.884881970247135 2.1746406959424243
-2.8848819212276804 2.174640613753128
-2.8848819026416606 2.174640500603833
-2.884881913575744 2.17464041432866
-2.8848819485347197 2.1746403941893853
-2.8848819991432415 2.174640443638191
-2.884882055853205 2.1746405321530764
-2.8848821093882844 2.174640613362625
-2.884882151865123 2.1746406490500068
-2.8848821776400158 2.174640626812063
-2.884882183917055 2.1746405634477424
-2.884882171069246 2.1746404938642
-2.884882142554349 2.1746404523337426
-2.8848821043217288 2.1746404559591044
-2.884882063720017 2.1746404981431247
-2.8848820280816967 2.174640554221413
-2.8848820032994102 2.174640595297033
-2.8848819927479026 2.1746406027330063
-2.884881996818316 2.1746405761966296
-2.8848820131488138 2.1746405319937625
-2.884882037429562 2.1746404934741617
-2.884882064510016 2.1746404789624494
-2.8848820894926113 2.1746404933268577
-2.884882108561503 2.174640526921677
-2.8848821194263725 2.174640561686113
-2.884882121397596 2.174640580728758
-2.8848821151980704 2.17464057639979
-2.884882102637394 2.1746405530842616
-2.8848820862398337 2.17464052388646
-2.884882068864466 2.1746405034216747
-2.88488205332048 2.1746405005985436
-2.8848820419810655 2.174640514891354
-2.8848820364286465 2.1746405375585613
-2.8848820371975052 2.1746405567187383
-2.8848820436896205 2.1746405634334134
-2.8848820543117135 2.174640555744275
-2.8848820668227138 2.174640538911792
-2.884882078814939 2.174640522122274
-2.8848820882079504 2.1746405136181752
-2.8848820936307344 2.1746405167760496
-2.8848820946068376 2.1746405289434128
-2.8848820915216074 2.1746405433244926
-2.8848820854146853 2.174640552694816
-2.8848820776810267 2.174640552957847
-2.884882069769241 2.1746405448314263
-2.8848820629418306 2.1746405330302925
-2.8848820581240315 2.174640523589672
-2.8848820558349058 2.174640520813016
-2.884882056178122 2.174640525361715
-2.88488205887187 2.174640534299305
-2.8848820633094014 2.174640542873513
-2.884882068652123 2.1746405469983108
-2.8848820739574896 2.1746405451625686
-2.8848820783331 2.1746405388977426
-2.884882081092739 2.1746405317230897
-2.8848820818793683 2.174640527233709
-2.8848820807218214 2.1746405273457596
-2.884882078007604 2.1746405315349664
-2.8848820743782784 2.1746405373382864
-2.8848820705767753 2.1746405417481616
-2.8848820672885496 2.1746405427323734
-2.8848820650163964 2.1746405401282365
-2.8848820640138833 2.1746405355388183
-2.8848820642817157 2.1746405313807657
-2.8848820656133034 2.1746405296305054
-2.884882067666466 2.174640530907646
-2.8848820700390205 2.174640534307166
-2.8848820723339004 2.1746405379875586
-2.88488207420901 2.1746405401545443
-2.8848820754133673 2.174640539923967
-2.8848820758121887 2.1746405376576146
-2.8848820754006974 2.174640534661964
-2.884882074302942 2.1746405324598284
-2.884882072751179 2.174640532030968
-2.8848820710447667 2.1746405333930205
-2.8848820694939157 2.1746405356916845
-2.8848820683598997 2.174640537704999
-2.8848820678062657 2.1746405384751557
-2.884882067873374 2.174640537748152
-2.884882068481875 2.17464053602698
-2.884882069462095 2.1746405342512287
-2.884882070599166 2.1746405332961456
-2.8848820716805976 2.1746405335526253
-2.8848820725346114 2.1746405347842077
-2.8848820730525864 2.1746405363030816
-2.8848820731949685 2.1746405373480004
-2.8848820729845026 2.1746405374606135
-2.8848820724923594 2.1746405366777397
-2.8848820718217896 2.1746405354645897
-2.8848820710917042 2.1746405344470965
-2.8848820704206535 2.1746405340931747
-2.884882069911135 2.17464053450251
-2.884882069635026 2.174640535395884
-2.884882069622358 2.174640536289138
-2.8848820698564293 2.1746405367488095
-2.8848820702775924 2.17464053659722
-2.8848820707959497 2.1746405359725958
-2.8848820713104666 2.174640535229655
-2.884882071729851 2.1746405347450146
-2.884882071989912 2.17464053473151
-2.8848820720632995 2.174640535150775
-2.8848820719600385 2.174640535756743
-2.884882071720049 2.174640536235884
-2.8848820714008845 2.1746405363663963
-2.8848820710645424 2.1746405361171304
-2.884882070766466 2.174640535644158
