2.1325855782402896 -1.2358998273075945
2.090297889978987 -1.278225840536335
2.0416058270490853 -1.3272535062768909
1.989146630803438 -1.3809648894738742
1.9349655513234487 -1.4382069160772653
1.8809242737365133 -1.498260047661923
1.8290323519337532 -1.5606286607864872
1.7817867182917668 -1.6249311420597474
1.742394476345479 -1.6908441405711572
1.714502962812226 -1.758080069630276
1.701082841338662 -1.826383731125844
1.7030677069632758 -1.8955353515255848
1.719167464120732 -1.965350315908843
1.7469344871872148 -2.035673052417783
1.7838387213211193 -2.1063683925179095
1.8277443803700368 -2.1773141625964416
1.876971767300102 -2.2483966513371785
1.9302132754859493 -2.3195088631163365
1.9864315887667559 -2.3905506692556435
2.044776320549789 -2.461429864695539
2.1045219093211425 -2.532063377631197
2.165021738650783 -2.602378191319637
2.225673547911384 -2.672311786224793
2.285893070949544 -2.741812066723963
2.345094805899707 -2.81083681674212
2.402680523678667 -2.879352760712296
2.4580373911270215 -2.9473343143296558
2.5105480587311004 -3.0147621105961138
2.5596142123199934 -3.081621389777576
2.6046925770098137 -3.1479003481440464
2.6453386550334703 -3.213588543171517
2.681250174018395 -3.278675441227016
2.7123014100298244 -3.3431491581247927
2.7385622874481452 -3.4069953809366975
2.760301385550003 -3.4701963756210383
2.7779771684694294 -3.532729881943809
2.792224742582512 -3.5945675581275713
2.803845675963705 -3.6556723955966257
2.813806685088052 -3.7159939649737304
2.823250839111397 -3.7754586081655965
2.8335282171273044 -3.8339425722303573
2.8463018875334805 -3.8910596695015767
2.855088188531964 -3.9376887445971667
2.8590107934114752 -3.974933377388346
2.8594563104942763 -4.0044730001488205
2.8586526748241017 -4.0276563766573465
2.858807045688021 -4.045469766902869
2.8614796541381735 -4.058646780143104
2.8673789556312426 -4.067786227803869
2.876460652861249 -4.073428552141122
2.888126708997779 -4.076096643869326
2.9014030314897687 -4.076314768916914
2.9150728598154694 -4.074611503865804
2.9277929695160294 -4.071506159288171
2.9382229622583313 -4.067477652792463
2.945169536911437 -4.062920147732169
2.9477176691891422 -4.058096799926827
2.9453224703532253 -4.053105819875868
2.937861124749685 -4.0478703020187075
2.9256541009070047 -4.042157344141936
2.909456359308862 -4.035624065296914
2.8904240446252727 -4.0278800864170305
2.8700731422680064 -4.018552783086496
2.850225531608904 -4.007343740051792
2.83288810544091 -3.9940668892656963
2.8199968308431416 -3.978659721449704
2.8130519539777743 -3.9611645646365496
2.812812495600788 -3.9416886211579083
2.8191989076868444 -3.920360534727731
2.831318319988997 -3.8973059902007083
2.8470177094960967 -3.872739397469961
2.857045549109669 -3.8492705782908625
2.858666187590056 -3.8320580226215073
2.854951161207477 -3.821308120922856
2.8481382555608916 -3.8165489274680193
2.840183562284233 -3.8171606998001684
2.833017202251517 -3.822478868182101
2.8285945139818294 -3.831816701071679
2.828741802479275 -3.844452432173726
2.8347334295311306 -3.859538784737017
2.84582222382806 -3.8754317989253657
2.8532344218442245 -3.887767797673383
2.854304858710646 -3.8954800671286973
2.8503340231175978 -3.898765370296317
2.8435953243224157 -3.8979829410430993
2.836905692413529 -3.8935585632866156
2.8332765191863847 -3.8860357020961285
2.8350135626272315 -3.876185118863528
2.8420973731743393 -3.8654113394877863
2.8490331245423937 -3.8566808522623894
2.8513660394725555 -3.851654271168723
2.849105328100636 -3.8504696060202814
2.843919655782353 -3.8528581946852634
2.838543469772372 -3.8582776838245936
2.836464963279831 -3.8656757094686856
2.8395064901961575 -3.87316081413049
2.844743708428291 -3.8785976470084984
2.8480283546948666 -3.881061631552906
2.847678992979119 -3.880572030969767
2.844246972597226 -3.8774932309812744
2.840050824898999 -3.872505945014285
2.8383760179674167 -3.8668962130046216
2.840339216576377 -3.8623355644291304
2.8438725185721663 -3.8599623164010746
2.846285242888036 -3.860074634385037
2.846080922012382 -3.862372504538149
2.843516017132182 -3.866143585796366
2.8406159703010823 -3.8702583637485786
2.8397106754344694 -3.8734637779407155
2.8411719854008286 -3.874993858951267
2.843602342692101 -3.874651282769455
2.8451188364954176 -3.872693635296252
2.844649797309556 -3.8697589659293175
2.8427214662432165 -3.866758581645838
2.8410210617421385 -3.864596756328583
2.8408306879350365 -3.863802269062168
2.842116450110884 -3.86444696642713
2.8437723354402253 -3.866221861021126
2.8444731352172496 -3.868515094595775
2.84373963732428 -3.8705922120716325
2.842290485634673 -3.871860857089377
2.8413316438995984 -3.872047088431384
2.841560831005544 -3.8712124321455765
2.842698198626611 -3.8696867825363976
2.843765528232049 -3.8679768560415377
2.843924973391589 -3.866612124866797
2.8431536502882158 -3.8659656580589603
2.8421560067829765 -3.8661563681019606
2.841741016615456 -3.8670454520723907
2.8421849755899835 -3.8683012975403726
2.8430476467806547 -3.8695109603828097
2.8435882431135173 -3.8703149654092286
2.8434038044477576 -3.870515817842353
2.8427127101292613 -3.8701150846165495
2.842119296321121 -3.869290189322748
2.8420969882917353 -3.868328866827006
2.8426117522454826 -3.8675340086840517
2.8431978141197525 -3.8671288750284663
2.8433798323551227 -3.8671961774638763
2.8430520662947427 -3.867668622462131
2.842525152377848 -3.868364047886249
2.8422408083019164 -3.8690502321967597
2.842401630103863 -3.869520871670885
2.842830455034482 -3.869655719278457
2.843153558911297 -3.869447223242833
2.843121762381658 -3.868991560527797
2.842798101257521 -3.8684505992297513
2.842475914096024 -3.867997139976018
2.8424176364891216 -3.8677605514344706
2.8426448274920535 -3.8677912083101185
2.8429452616263684 -3.868053197013427
2.8430674552201545 -3.8684436850517354
2.842928262584645 -3.8688308962158966
2.842664640970889 -3.869097431709786
2.8425017035833977 -3.8691745832368554
2.842561513800247 -3.8690579185512006
2.8427739921575195 -3.8688019641249993
2.8429523971028456 -3.86849816027388
2.8429563766407386 -3.868243768353615
2.842801160265032 -3.8681116331437284
2.842629403293031 -3.8681301719052597
2.8425825725456226 -3.8682789060412026
2.8426859223951895 -3.868499451137646
2.8428393205518954 -3.868717095323857
2.8429115572957695 -3.868865379147947
2.8428509643347155 -3.868905758167391
2.842720005136694 -3.8688366401084533
2.8426330784347047 -3.8686901457405156
2.8426576699476387 -3.8685188966056883
2.8427633740713563 -3.8683778609173958
2.8428562110332742 -3.8683072786030133
2.842861747502824 -3.8683217890394745
2.8427840365897823 -3.8684084908454874
2.8426946389612526 -3.86853361498155
2.8426675032224593 -3.8686549204029475
2.8427181850670675 -3.868735479146411
2.842796949491774 -3.868754494584841
2.842836189387723 -3.8687121397800612
2.842807769680738 -3.868627503319521
2.8427421747167045 -3.8685308908725977
2.8426975179218807 -3.8684533588661014
2.842708841042689 -3.8684169986396064
2.842761426809607 -3.8684289571762256
2.8428077981571502 -3.868480703986553
2.842810108846406 -3.8685522480826577
2.8427704892874717 -3.868619487189847
2.842725480273072 -3.8686620743303037
2.8427125890758296 -3.8686693116213844
2.8427392522480086 -3.868642473202526
2.842779631384628 -3.868593226163843
2.8427992005251395 -3.868539022996047
2.842784083262285 -3.8684971559262005
2.8427504238304366 -3.868479416271566
2.8427280180161154 -3.8684889542322196
2.8427342756357525 -3.868520121123705
2.8427610263217797 -3.868561075705109
2.8427838586365013 -3.868598083573831
2.842784037310608 -3.8686199985155474
2.8427635550663135 -3.8686214938364683
2.842741469482043 -3.86860414614867
2.842736381144292 -3.8685752484404876
2.8427509731227847 -3.868544960014763
2.842771293686568 -3.8685228555967424
2.8427799615321234 -3.8685150070380288
2.842770949061646 -3.8685224456119296
2.8427534834001214 -3.868541339573652
2.842742875789886 -3.868564661681945
2.8427471867402163 -3.8685846876250216
2.8427612460543603 -3.868595473759968
2.8427722969174294 -3.868594546400948
2.842771409828119 -3.868583346717193
2.842760562281887 -3.8685664031189386
2.842749892253774 -3.868549607272077
2.842748387994602 -3.8685382234657077
2.8427564533619516 -3.868535290143113
2.842766398980755 -3.868540883924881
2.8427696791449018 -3.8685523931160906
2.8427641507372745 -3.8685656103226034
2.8427552613555025 -3.868576214278777
2.842750753865152 -3.868581135477462
2.842753955390544 -3.868579392009523
2.8427614207738032 -3.8685721905264874
2.842766487225087 -3.868562334415003
2.8427651789282726 -3.8685531896599694
2.8427592713378123 -3.868547571779075
2.8427542189426425 -3.868546909786078
2.8427541947785677 -3.8685509261761424
2.8427587020463236 -3.8685578883835294
2.8427634594390145 -3.868565299661579
2.8427643948557146 -3.8685707673974026
2.842761071821643 -3.8685727533823857
2.842756708308868 -3.8685709770381997
2.8427551015469006 -3.8685663777706565
2.842757358011672 -3.868560694146555
2.842761213932846 -3.8685558334608836
2.8427632720397953 -3.8685532524578274
2.842761980885433 -3.8685535424689985
2.842758764286383 -3.8685563280705892
2.8427565248887023 -3.8685604799495454
2.84275704430546 -3.8685645451404453
2.8427595893397233 -3.868567239078425
2.842761787052769 -3.868567838266702
2.8427618033971496 -3.8685663575549136
2.842759847725173 -3.8685634745907844
2.842757791007975 -3.868560248707321
2.8427574071688912 -3.868557744139688
2.8427588688391427 -3.86855668858853
2.8427607542585966 -3.8685572739568057
2.8427614133397214 -3.8685591490091027
2.842760397226193 -3.8685615863840646
2.8427587263063967 -3.868563752336492
2.8427578799392985 -3.868564982753678
2.842758492603676 -3.8685649775154336
2.842759896780024 -3.868563860185952
2.8427608202146057 -3.868562097469307
2.8427605299895093 -3.86856031721604
2.8427594030041203 -3.8685590920859254
2.8427584919326274 -3.868558761016808
2.842758556573538 -3.868559342478807
2.8427594421065767 -3.8685605593139587
2.842760302829892 -3.8685619569037772
2.842760396858863 -3.868563067425386
2.8427597142119945 -3.868563562198203
2.842758915086143 -3.868563343722221
2.8427586979508077 -3.868562553731927
2.842759195390316 -3.8685615034340435
2.8427599142767432 -3.8685605565198955
2.842760219293259 -3.868560007282847
2.8427598917870287 -3.868559993147524
2.842759276303463 -3.8685604659503827
2.842758928945111 -3.868561225386474
2.8427591186535786 -3.8685619981047967
2.8427596249991134 -3.868562532930549
2.8427599774713768 -3.868562680067701
2.8427598865706236 -3.868562430017051
2.8427594758931414 -3.8685619031421075
2.842759134276711 -3.8685612978440798
2.842759152923066 -3.868560818288009
2.8427594823361892 -3.868560607416956
2.842759807882775 -3.868560706673644
2.8427598478098948 -3.86856105282007
2.842759594182252 -3.868561508999654
2.842759293529498 -3.868561916403928
2.8427592090423643 -3.8685621477798646
2.842759391417851 -3.8685621454380494
2.8427596560389983 -3.868561933130632
2.842759766155308 -3.8685616005004713
2.8427596430921707 -3.868561267657997
2.842759418475819 -3.8685610431528343
2.8427592986730215 -3.868560989621822
2.842759377728081 -3.868561107687524
2.8427595665848884 -3.868561341756556
2.842759688842333 -3.8685616037621355
2.842759643357444 -3.8685618052668733
2.8427594853985774 -3.868561886477875
2.8427593634069086 -3.8685618329199754
2.8427593804725535 -3.8685616755782233
2.842759508693452 -3.8685614762018914
2.842759626092224 -3.8685613041021987
2.8427596320428345 -3.8685612128309947
2.842759532836489 -3.8685612242804894
2.8427594255755455 -3.8685613246110706
2.842759404393179 -3.8685614722065833
2.8427594785739134 -3.8685616139662473
2.842759573017112 -3.8685617038533575
2.8427596025350583 -3.8685617173911395
2.8427595476226926 -3.868561657668423
2.8427594650954644 -3.8685615516358416
2.8427594306191533 -3.8685614388449476
2.8427594702507495 -3.8685613571243347
2.842759542241522 -3.868561330270007
2.8427595802586834 -3.8685613616247316
2.842759554092179 -3.8685614350477664
2.842759492756194 -3.8685615221786893
2.842759453283191 -3.8685615929654835
2.8427594679117285 -3.8685616256951425
2.842759518232555 -3.8685616133141205
2.8427595564199306 -3.8685615643366664
2.8427595502453302 -3.8685614985472685
2.8427595098775846 -3.8685614393816765
2.8427594746289993 -3.868561405804321
2.842759475286663 -3.868561406431883
2.842759507708114 -3.8685614376661435
2.8427595399306345 -3.8685614860897584
2.8427595432353203 -3.8685615339093604
2.842759517326568 -3.868561565314864
2.842759487881094 -3.86856157153192
2.842759481300185 -3.8685615530199073
2.842759501241939 -3.8685615183873514
2.8427595275687296 -3.8685614807269837
2.842759536480729 -3.868561452840862
2.842759521932693 -3.8685614430324105
2.842759499216648 -3.86856145279
2.842759489274938 -3.8685614769458234
2.842759499558203 -3.8685615060313645
2.842759518772189 -3.8685615298490874
2.8427595288173215 -3.868561540956128
2.8427595216046124 -3.8685615368948896
2.8427595052885573 -3.8685615205317987
2.8427594953921402 -3.868561498569165
2.8427595002119523 -3.8685614789136276
2.8427595140886597 -3.8685614679061424
2.842759523795743 -3.8685614683598724
2.8427595210768826 -3.8685614789777576
2.84275950953916 -3.8685614951984406
2.8427595002873924 -3.868561511041583
2.842759501288783 -3.868561521241165
2.8427595105802084 -3.868561522933762
2.8427595190147428 -3.8685615163853226
2.842759519156501 -3.8685615046034294
2.842759511759425 -3.8685614920650733
2.8427595042647726 -3.8685614830671367
2.842759503449452 -3.8685614802921866
2.8427595093971343 -3.868561484058052
2.842759516078799 -3.868561492442987
2.842759517377661 -3.8685615021585313
2.8427595126109337 -3.868561509797507
2.8427595066272517 -3.868561512994766
2.842759504914049 -3.8685615111177585
2.8427595085995674 -3.868561505304489
2.842759513859302 -3.8685614979044045
2.842759515835816 -3.868561491569656
2.8427595131048244 -3.8685614883339214
2.8427595086121564 -3.8685614889869906
2.8427595065828664 -3.868561492926898
2.8427595085848707 -3.8685614984961907
2.8427595123822504 -3.8685615036452283
2.8427595143394555 -3.8685615066671972
2.8427595128539935 -3.868561506746468
2.8427595096103313 -3.8685615041492216
2.842759507731462 -3.868561500025268
2.8427595088043267 -3.8685614959279446
2.8427595115852724 -3.8685614932454246
2.842759513398057 -3.8685614927464913
2.8427595126972625 -3.8685614943826363
2.8427595103594876 -3.8685614973863283
2.8427595086537747 -3.868561500601935
2.8427595090502478 -3.8685615029150506
2.842759510968549 -3.868561503626594
2.8427595125103027 -3.8685615026508384
2.8427595123154785 -3.868561500486275
2.8427595107445005 -3.868561497989525
2.842759509376811 -3.8685614960474513
2.8427595094480433 -3.8685614952697938
2.8427595107546533 -3.868561495806851
2.8427595119800535 -3.868561497343421
2.8427595120065114 -3.8685614992536053
2.8427595109189214 -3.8685615008465755
2.8427595098127294 -3.868561501609357
2.8427595096965637 -3.8685615013639807
2.8427595105797603 -3.868561500294578
2.84275951156101 -3.868561498848683
2.8427595117401285 -3.8685614975587477
2.842759511039241 -3.868561496851959
2.842759510191163 -3.868561496913973
2.8427595099873515 -3.8685614976481317
2.842759510547057 -3.8685614987356205
2.842759511275592 -3.868561499766801
2.8427595114822823 -3.8685615003916536
2.8427595110258337 -3.868561500435091
2.8427595103910814 -3.868561499940219
2.842759510181688 -3.868561499131579
2.842759510552231 -3.868561498319321
2.8427595111084942 -3.8685614977836735
2.8427595113227695 -3.868561497681568
2.8427595110321264 -3.8685614980050906
2.842759510552749 -3.868561498600565
2.842759510342217 -3.8685614992356614
2.8427595105647994 -3.8685614996869995
2.8427595109698305 -3.868561499816384
2.8427595111645885 -3.868561499610521
2.842759510991064 -3.8685614991737487
2.842759510648393 -3.868561498680494
2.842759510472762 -3.868561498307727
2.842759510612038 -3.8685614981730017
2.8427595109067947 -3.86856149829935
2.8427595110679977 -3.8685614986167294
2.8427595109578707 -3.8685614989957795
