2.162994226730962 -1.2050280995949607
2.1606910756633355 -1.2064595026858718
2.15741443884063 -1.2085123008489194
2.153271215524926 -1.2111373561439296
2.148360156593038 -1.2142943415528
2.1427724102838477 -1.2179507941416547
2.13659204348962 -1.2220813306795244
2.129896539874176 -1.2266669977378484
2.1227572758578908 -1.2316947333423316
2.11523997539812 -1.237156921359782
2.1074051444698463 -1.2430510231310703
2.0993084861848548 -1.2493792735345415
2.0910012975579675 -1.2561484307869695
2.0825308490218317 -1.2633695709477661
2.073940747897735 -1.2710579193573073
2.065271287141537 -1.2792327121698723
2.056559780794574 -1.287917081783328
2.047840887672336 -1.2971379603607813
2.039146924910196 -1.3069259958174186
2.0305081730441326 -1.3173154746382292
2.0219531743198456 -1.328344245727125
2.0135090258757447 -1.3400536391934639
2.0052016693078873 -1.352488373589192
1.997056177865885 -1.3656964446547433
1.9890970421099952 -1.3797289881574553
1.9813484542387867 -1.3946401089642768
1.9738345904310284 -1.4104866681424846
1.966579889397322 -1.4273280196995746
1.9596093238839998 -1.4452256886372155
1.952948660119159 -1.4642429823919174
1.9466246981875879 -1.4844445285581551
1.9406654841782813 -1.505895733128004
1.9351004828531717 -1.5286621554173827
1.9299606978128692 -1.5528087984500354
1.9252787250407881 -1.5783993168784651
1.9210887257036315 -1.6054951485390196
1.9174263055908636 -1.6341545804106001
1.9143282919304931 -1.6644317649334863
1.911832403690471 -1.696375708094162
1.9099768187550485 -1.7300292560036172
1.9087996500921285 -1.7654281113550432
1.9083383523702477 -1.8025999144888067
1.9086290893110265 -1.841563425122237
1.9097060991049333 -1.8823278395053995
1.9116010993011572 -1.9248922734646527
1.914342772882253 -1.9692454344962855
1.9179563734799987 -2.0153654962373113
1.922463480249613 -2.063220177174098
1.9278819227420914 -2.1127670135620473
1.9342258845265 -2.1639538055177043
1.9415061827490745 -2.216719206248354
1.9497307105396262 -2.2709934181864613
1.9589050210843535 -2.3266989567166223
1.9690330267132734 -2.383751442078165
1.9801177834948527 -2.4420603823826994
1.9921623312451155 -2.501529914755366
2.005170559998887 -2.5620594765536966
2.019148076252031 -2.623544383623482
2.0341030451134134 -2.6858762968880696
2.0500469874801333 -2.7489435616088898
2.066995514213289 -2.812631404847418
2.0849689819648405 -2.8768219754642494
2.103993057871079 -2.941394206807046
2.1240991829889526 -3.0062234743022094
2.1453249273613433 -3.071181007437325
2.1677142331308636 -3.13613299665227
2.191317546048282 -3.2009393084090907
2.216191839209133 -3.265451683337857
2.2424005336679587 -3.3295112389421853
2.270013313848335 -3.392945024707901
2.2991058116165655 -3.4555612773465336
2.3297590726986432 -3.5171428917298337
2.3620585872898974 -3.577438460122152
2.3960923975852184 -3.636150065427677
2.431947272195238 -3.6929169462609757
2.4697009762483333 -3.747294486823587
2.5094070586170756 -3.7987294972931505
2.5510664235406817 -3.846537096449173
2.5945788048615466 -3.8898941374041263
2.6396722918695326 -3.9278788853920132
2.6858280261356033 -3.959593000707167
2.7322439423657108 -3.984367794086426
2.777877299979423 -4.001980550291921
2.8215534639856474 -4.012773459631495
2.8620969705579333 -4.017624303335351
2.898464438266413 -4.01777461271355
2.929862038779445 -4.014551576921654
2.9558034402434057 -4.009075215741559
2.976090638854241 -4.0020511547921505
2.99076133220464 -3.9936756094927435
3.0000612640209847 -3.9836463522901986
3.0044514333766 -3.971329541540862
3.0045694524242426 -3.956115159057695
3.0010743374362785 -3.937776672422408
2.9944711437201503 -3.916629234477024
2.9850315223630237 -3.8935717175650746
2.972827109703436 -3.870155440042823
2.9578916587516675 -3.8485659471570277
2.94046214342894 -3.83114623316917
2.921046206586361 -3.819626554573837
2.900279180547496 -3.814858061723018
2.8788192163321984 -3.817036675158254
2.8573693796816 -3.825970262889742
2.8368536291241595 -3.8411931449568497
2.819007852477984 -3.8615395555717487
2.806863293388832 -3.8820054303631375
2.8002931989007687 -3.897549998973891
2.798240595306296 -3.9071995695338386
2.799907156219234 -3.9110496034031006
2.8046721824974203 -3.9094486134526165
2.81202019278125 -3.9028042314676434
2.821507132916471 -3.8915637120762674
2.8327304165003713 -3.876392495453266
2.8449980307123006 -3.859587480943118
2.855541049314513 -3.8484497689432264
2.8632652190401697 -3.8442510135213883
2.8679222533382287 -3.846365123101128
2.869340431771554 -3.8536377059692515
2.8672700863326877 -3.864252114584939
2.861576996151673 -3.8751565415573146
2.8531055952870674 -3.8825759997311224
2.8436136611564855 -3.884552385653518
2.8348663586819898 -3.8810625244915458
2.8285089308862394 -3.873448543419572
2.8258088448031113 -3.864667419375284
2.826783262865809 -3.8582323464498054
2.8305476350894496 -3.8560582859881936
2.8361291449053705 -3.85854755668389
2.8425282263653813 -3.864928864472538
2.848349230817909 -3.8725183360520488
2.852201201459005 -3.8774369296928555
2.85368718489683 -3.8782930179289936
2.8528412529231173 -3.875329841095349
2.84988956920135 -3.8697929830856252
2.845466803719353 -3.864190400016411
2.8408102544305835 -3.8613238130136907
2.837075445691127 -3.862123116681914
2.835048530732752 -3.8658131495079506
2.8351279376466816 -3.870443643902691
2.8371070235709714 -3.8737191257034604
2.8402646935456626 -3.8742832369442097
2.843711820259701 -3.8721008626932414
2.8465591580719614 -3.8683651787908127
2.8481315381493655 -3.865096049250103
2.8482201831700147 -3.8638567433453446
2.8469847814658933 -3.865009581954654
2.8448159618342888 -3.867814596119915
2.8423211932435604 -3.870723199860597
2.8401878327956984 -3.8722356494021235
2.838924993960739 -3.8717851129531473
2.8387726678776763 -3.8697949943589696
2.839682321340012 -3.867384532347242
2.841315490877679 -3.865821668390877
2.8431652411701935 -3.8658207404389
2.844726265800266 -3.8672294677350028
2.8456142896101095 -3.869184537363727
2.8456610029918172 -3.870617553320174
2.8449417212702617 -3.87085656331586
2.8437181249007226 -3.8699000811569064
2.8423596000324207 -3.868346214226003
2.8412442151401076 -3.867060435562183
2.840644136596065 -3.8666819696197035
2.840664210102019 -3.867310936803903
2.8412398750747916 -3.868525275076786
2.8421642622391246 -3.869638885841819
2.8431533531528146 -3.8700844938710524
2.8439359280986514 -3.8696992302985627
2.8443254417973667 -3.8687620120757287
2.84425928085196 -3.86781160905913
2.843802712283035 -3.867343823687196
2.8431165851766798 -3.8675545717911426
2.842405264192922 -3.8682682254024328
2.84186023402641 -3.869063798151113
2.8416095183722385 -3.86952037011468
2.841689492136113 -3.869437067908142
2.842045990370581 -3.868910443701966
2.8425572531635668 -3.868256156810151
2.843071907420501 -3.8678266966753228
2.843452753684106 -3.8678226892275633
2.843611823071801 -3.8682029862177663
2.8435282413388303 -3.8687306886316852
2.8432475502432863 -3.8691162989457664
2.8428636604146793 -3.8691741780032074
2.8424893108189466 -3.868907734876015
2.8422241531863506 -3.868488244143213
2.842128874685091 -3.8681495935306343
2.8422123159687946 -3.8680601477519216
2.8424343624683006 -3.8682415019829506
2.842721608858112 -3.868571898279416
2.842990253491489 -3.868863894691532
2.8431698638573644 -3.8689689513182732
2.8432212036232927 -3.868850893120274
2.8431435844411235 -3.8685932902854026
2.8429710339527716 -3.8683442880793897
2.842759520911998 -3.86823307235515
2.8425696233113054 -3.86830415171818
2.84244986558627 -3.868502491036442
2.842425019547925 -3.868712175450405
2.8424919420807244 -3.8688229555064173
2.842623366585797 -3.8687870101134414
2.842777725910622 -3.8686374877315135
2.8429116618299957 -3.8684633141948233
2.8429916701293196 -3.8683574887496133
2.8430019273660174 -3.8683682183275154
2.842946652291899 -3.8684782378296343
2.84284699652699 -3.8686203547969957
2.8427338196212006 -3.8687174717174173
2.842638593784146 -3.868723705916162
2.842584993176273 -3.868645050801511
2.842583320103203 -3.8685310132684205
2.8426289964417517 -3.8684445171152566
2.8427051873432654 -3.868427807900807
2.842788483764781 -3.8684825081753984
2.842855819193315 -3.8685728505826074
2.8428906483608665 -3.868648099494848
2.842886793180259 -3.8686705194264106
2.8428491176988384 -3.868633725995747
2.8427911351443216 -3.8685628570899713
2.842730490604204 -3.8684983200066143
2.8426837661144764 -3.868473194607193
2.8426621042320215 -3.868496698897919
2.842668760051697 -3.8685517541115733
2.8426990414379354 -3.8686065143718458
2.842742402999004 -3.8686324436885693
2.842785897225563 -3.868618857257612
2.842817897567505 -3.8685767149961268
2.8428310594958224 -3.8685307726074125
2.842823816895237 -3.868505324254492
2.8428001850815927 -3.86851159118477
2.842768112856715 -3.868543171713957
2.842736974506039 -3.868581128638951
2.842714948685148 -3.8686050989115954
2.8427069802273457 -3.8686040303952467
2.8427137967796052 -3.8685809954247774
2.8427321308073856 -3.868550177100867
2.84275597201034 -3.8685283791989553
2.8427784249662684 -3.868526020165055
2.8427936268593075 -3.868542351819692
2.842798212799298 -3.8685669737035724
2.842791980832272 -3.868586223215929
2.8427776502698956 -3.8685906202062204
2.842759857105264 -3.8685793815049867
2.842743723751574 -3.8685599512988653
2.8427334287620476 -3.8685432938828446
2.8427311668650925 -3.868537824595209
2.8427367478797367 -3.8685452772053606
2.8427478836186295 -3.868560468820404
2.8427610173381526 -3.868574695247661
2.8427724149031555 -3.868580622846848
2.8427791924702257 -3.8685759767873487
2.8427800063129465 -3.8685642242092553
2.8427752528653483 -3.868552196439337
2.8427667782644175 -3.8685461937544123
2.842757230212655 -3.8685487534217935
2.8427492660150993 -3.868557700003882
2.8427448441625955 -3.868567746149667
2.8427447781742594 -3.868573555445865
2.8427486414090586 -3.868572525723336
2.842755009121266 -3.868565871445345
2.8427619375948536 -3.868557611652475
2.842767529944355 -3.86855219913295
2.8427704321219447 -3.868552160339703
2.842770136982698 -3.868556973763648
2.842767035982148 -3.868563647143815
2.8427622290972137 -3.8685685228443183
2.842757165287226 -3.8685692480890777
2.8427532235977337 -3.8685658677552848
2.842751351205599 -3.868560559110936
2.8427518499567723 -3.8685562830869777
2.84275435572296 -3.8685551631276
2.8427579992411727 -3.868557463296876
2.8427616887494374 -3.8685616379205223
2.842764426555657 -3.8685653193921667
2.8427655700236882 -3.8685666352075416
2.842764970767968 -3.868565134802
2.842762965597405 -3.868561882264476
2.842760236307176 -3.8685587500943512
2.84275759000855 -3.868557361944065
2.8427557282920723 -3.8685582704893147
2.8427550693017714 -3.8685607755658507
2.842755665280446 -3.8685634135734035
2.8427572273698924 -3.868564796164846
2.8427592390644234 -3.8685643263427947
2.8427611180300825 -3.8685624310637694
2.842762377809754 -3.8685602373210823
2.8427627466566663 -3.8685589158232445
2.8427622169892754 -3.868559067185984
2.8427610201020554 -3.8685604660689763
2.8427595407527884 -3.8685622608106267
2.8427582001824896 -3.8685634791379764
2.842757341254496 -3.8685635460650443
2.8427571454461185 -3.8685625431567012
2.8427576003223543 -3.8685611001121636
2.8427585213086055 -3.8685600119606383
2.8427596170838125 -3.8685598086669053
2.8427605773834568 -3.868560506002993
2.842761157857107 -3.8685616492136163
2.8427612395136643 -3.868562597326781
2.8427608489723926 -3.868562875846743
2.842760137494203 -3.868562407234722
2.84275932817622 -3.868561511375357
2.84275864861584 -3.8685606988696994
2.8427582688189155 -3.8685603856454147
2.842758260863915 -3.8685606855062695
2.8427585892452676 -3.8685613809538686
2.842759131454102 -3.8685620696698693
2.842759720049059 -3.8685623927548605
2.8427601924738464 -3.868562217591339
2.842760434247311 -3.868561684540432
2.842760404565963 -3.8685611067008057
2.8427601393803177 -3.868560789600013
2.8427597336457664 -3.868560872743863
2.842759309815381 -3.868561273405047
2.842758982461473 -3.8685617517571136
2.842758828777989 -3.868562051342127
2.842758872055192 -3.868562034209976
2.842759081047176 -3.868561740891838
2.8427593837222203 -3.868561351485773
2.8427596903381103 -3.8685610779933213
2.8427599188991763 -3.8685610508294532
2.8427600161178006 -3.868561259168836
2.8427599688127083 -3.868561570788665
2.842759803622043 -3.8685618131050408
2.8427595761551534 -3.8685618670703916
2.842759353399997 -3.868561723749584
2.8427591946812067 -3.8685614778625537
2.842759136416653 -3.8685612679892762
2.8427591844596076 -3.868561199941299
2.8427593154310813 -3.8685612949111716
2.8427594858645717 -3.8685614869298273
2.8427596459397724 -3.868561666012053
2.8427597536083455 -3.86856173992548
2.8427597852017574 -3.868561680523232
2.8427597399661795 -3.868561532032863
2.8427596379063456 -3.868561380781423
2.842759512229582 -3.868561305986745
2.8427593990247857 -3.868561339152992
2.842759327274277 -3.8685614523769916
2.842759311854283 -3.868561578780688
2.8427593510667584 -3.868561651223991
2.842759428851608 -3.868561637307592
2.842759520567097 -3.8685615528001067
2.8427596004153934 -3.8685614486441615
2.842759648382056 -3.868561380941057
2.8427596549269327 -3.868561381241026
2.842759622441176 -3.868561442577695
2.842759563424984 -3.868561526945033
2.8427594961901925 -3.8685615881804245
2.842759439450376 -3.8685615967995637
2.842759407319489 -3.8685615536592963
2.842759405995435 -3.8685614864560027
2.8427594328523917 -3.8685614326049875
2.8427594779694476 -3.8685614187824378
2.842759527473715 -3.868561448118234
2.842759567641459 -3.8685615009409715
2.8427595885833883 -3.868561547325739
2.8427595865511703 -3.8685615637225523
2.84275956436121 -3.868561544591952
2.842759529993164 -3.868561503485299
2.8427594939189675 -3.8685614640646646
2.8427594660171827 -3.868561446750206
2.8427594529594886 -3.8685614583924357
2.842759456736609 -3.868561490050671
2.8427594746073415 -3.868561523226484
2.842759500332669 -3.868561540459647
2.842759526220477 -3.868561534328906
2.8427595453394168 -3.868561510325433
2.8427595532885492 -3.868561482711552
2.8427595491000615 -3.8685614662208034
2.8427595351327355 -3.8685614683373863
2.8427595160971646 -3.8685614861189457
2.8427594975650243 -3.8685615087648757
2.84275948440888 -3.8685615240199676
2.8427594795871833 -3.868561524696457
2.842759483555149 -3.8685615119070387
2.842759494391653 -3.868561493654522
2.8427595085387245 -3.868561479976937
2.8427595219018453 -3.868561477520413
2.842759530988819 -3.8685614864224513
2.8427595337834006 -3.868561500896396
2.842759530145663 -3.8685615128412114
2.8427595216739334 -3.8685615162930604
2.842759511112396 -3.8685615103158253
2.842759501503915 -3.8685614989818577
2.8427594953401782 -3.8685614887452338
2.8427594939406853 -3.86856148483784
2.842759497209194 -3.8685614886642603
2.842759503798932 -3.868561497452986
2.8427595116020288 -3.8685615061197547
2.842759518397043 -3.8685615101504416
2.8427595224612605 -3.868561507898837
2.8427595229840668 -3.8685615011599674
2.8427595201898654 -3.8685614938921367
2.8427595151686225 -3.8685614899383314
2.8427595094920135 -3.8685614910342596
2.8427595047422725 -3.8685614961125725
2.8427595020895287 -3.868561502136794
2.8427595020245917 -3.8685615058782177
2.8427595043004428 -3.8685615056162663
2.842759508074667 -3.868561501884321
2.842759512193517 -3.868561496967741
2.8427595155282175 -3.8685614935399246
2.8427595172703786 -3.8685614932325896
2.842759517113734 -3.868561495891172
2.842759515286078 -3.8685614998344255
2.8427595124374507 -3.8685615028825335
2.842759509427312 -3.868561503541482
2.842759507075956 -3.868561501711444
2.842759505949171 -3.868561498598131
2.8427595062305504 -3.868561495953322
2.8427595077079797 -3.868561495107459
2.8427595098679492 -3.8685614963190535
2.842759512062656 -3.8685614987479884
2.8427595136979615 -3.8685615010039784
2.842759514389025 -3.868561501926694
2.8427595140440474 -3.8685615011677736
2.8427595128600416 -3.8685614992912285
2.8427595112404127 -3.868561497388111
2.842759509664782 -3.868561496454863
2.842759508551587 -3.8685614968829993
2.842759508151692 -3.8685614983150285
2.8427595084985815 -3.8685614999051983
2.8427595094224105 -3.8685615008088363
2.842759510617032 -3.8685615006224947
2.8427595117361166 -3.8685614995504487
2.8427595124895 -3.8685614982380336
2.84275951271421 -3.8685614973918105
2.8427595124042773 -3.868561497405632
2.8427595116960447 -3.868561498186758
2.8427595108176047 -3.868561499252621
2.8427595100193392 -3.868561500020843
2.8427595095055946 -3.8685615001222082
2.842759509385179 -3.8685614995713697
2.842759509651793 -3.8685614987206667
2.842759510196696 -3.8685614980428276
2.842759510847329 -3.8685614978728444
2.8427595114193465 -3.8685614982475025
2.8427595117670497 -3.868561498916317
2.8427595118188664 -3.868561499500957
2.8427595115896493 -3.8685614997052165
2.8427595111685053 -3.8685614994610753
2.842759510687638 -3.868561498941181
