-0.10143590585423756 0.8166072567329402
-0.14397658677653513 0.7743002325415952
-0.19358077707755086 0.7260683401083975
-0.24815482997361757 0.6819054090768264
-0.3058007331544071 0.6673724530941173
-0.3568370971114808 0.6747143834340384
-0.38621771607869115 0.6933566497226924
-0.39238704106054484 0.7165533059740706
-0.38113088790689165 0.7391828809689421
-0.35789408901190045 0.7563604491440773
-0.32716681674290904 0.7638294666057259
-0.29378254268003695 0.7594459301810697
-0.2653546230102419 0.7444719975203051
-0.24938706356660717 0.7243468906898545
-0.24565574289613126 0.7069042459971865
-0.2508911841984985 0.6976584473894295
-0.2626154738091342 0.6980437125128579
-0.2791408277359166 0.707320723381722
-0.29889093154948054 0.7237550808947478
-0.31663986508171005 0.741065839795207
-0.3265594864083604 0.750016120794476
-0.3289369198610767 0.7509392579011908
-0.3245537118065581 0.745050162844205
-0.3142784818617415 0.73381707871924
-0.2994793243697854 0.7201675127132068
-0.2858717013702663 0.7125525088040922
-0.27757447206037306 0.7126040909207776
-0.27562244746107545 0.7185027463191509
-0.280175094034909 0.7274168138615719
-0.29026687561016007 0.7351320765037507
-0.30252085381755184 0.7374784786136189
-0.31222434112730013 0.7340458360837157
-0.3161076954842494 0.7274231283228231
-0.313611474374907 0.7212154038055612
-0.3063601038139646 0.7185806033614401
-0.29714929078949254 0.7208605276236271
-0.2895303324318472 0.7266681564202976
-0.286346515252636 0.7320487079470931
-0.2878305960297742 0.7341224116118145
-0.2929272898044343 0.7322265442834135
-0.29981164599841004 0.7274290983389248
-0.3055878889814195 0.722809487776924
-0.30810515760770285 0.7211543388265153
-0.3069758606869648 0.7228911359531985
-0.3028413264630379 0.726821344978919
-0.2974378678074759 0.7304584829239125
-0.2931627077451863 0.7315430962762124
-0.2915395763772971 0.7298051640804466
-0.2929117493882951 0.7265326392728485
-0.29651493098444437 0.7238411518131812
-0.3006985644608064 0.7233979650098544
-0.30369988177386953 0.725241980672257
-0.3044001990134749 0.7279795159602287
-0.3027558649286659 0.7298270571123947
-0.29968093278977387 0.7297385243736754
-0.296569225037666 0.7279239577851561
-0.2947151563960122 0.7256749982022628
-0.29472261326192206 0.7244588800609407
-0.2963774993075324 0.7249291564016144
-0.2988725926165172 0.7266464925998458
-0.3011019598381661 0.7284008443401173
-0.3021625384546479 0.7290758752051598
-0.3017448254820668 0.7283741949723245
-0.3001583188046917 0.7268603409539826
-0.2981714998037015 0.7255690671988344
-0.2966565600589311 0.7253069684248769
-0.2961905510829479 0.7261304326970434
-0.2968652529119131 0.727403117406934
-0.29829633032295183 0.7282657519404041
-0.29981406785611686 0.7282101778619411
-0.30077102910011355 0.7273675805664561
-0.30081690164359476 0.7263562484648979
-0.3000224815461902 0.7258419649094643
-0.2988050460487663 0.7261068990611202
-0.2977188797657521 0.7269029043418385
-0.2972100332230159 0.7276600035276141
-0.2974353510369353 0.7278930406107533
-0.2982282090105245 0.7275050073133306
-0.29919901767608753 0.7268078350672076
-0.2999178910991623 0.7262850547589166
-0.30010511356568237 0.7262585705311061
-0.299734481808012 0.7266961518863245
-0.29901817925544877 0.7272683953413911
-0.29829544172761385 0.7275897601714771
-0.297874026954705 0.7274757672425637
-0.29790174063837765 0.72704253564727
-0.29832126693928723 0.7266026455331167
-0.2989152033394977 0.7264438919528571
-0.2994140326315753 0.7266428619810855
-0.29961549141285126 0.7270351684866856
-0.29946405636385937 0.7273466431041375
-0.2990599880311945 0.7273826113250792
-0.29860057399075296 0.727146133216214
-0.29828637161433513 0.726817157580214
-0.29823577396424444 0.7266188798170452
-0.29844358263087484 0.7266677886010913
-0.2987959666358478 0.7269078512149256
-0.2991289918029308 0.7271638142195727
-0.29930294038646527 0.7272674748386537
-0.2992594774973686 0.7271666298656692
-0.29903848436108726 0.7269473006680728
-0.29875160089313163 0.7267642896382318
-0.29852767444809086 0.7267334200041222
-0.29845612524251963 0.7268594347947512
-0.2985527554465416 0.72704394465659
-0.2987600331294334 0.7271602707061019
-0.29897849283559713 0.7271392816846793
-0.29911325884120865 0.7270087896126253
-0.2991144455782038 0.7268655671994317
-0.298994464151998 0.72680500818406
-0.2988167457619778 0.7268585589454108
-0.29866350402178415 0.7269793429301478
-0.2985984641350985 0.7270808637396374
-0.2986410966701274 0.7270980454755013
-0.29876244138426256 0.7270280157106679
-0.29890229493025205 0.7269258099849262
-0.2989983267357897 0.7268623013019855
-0.2990133332797082 0.7268757510098349
-0.29894890089044357 0.7269496752749562
-0.29884087948980026 0.7270291226275134
-0.2987404184779491 0.7270608368467645
-0.2986902310733618 0.7270283867326311
-0.2987069307970244 0.726959494965928
-0.29877650095232067 0.7269034087578512
-0.2988634857587145 0.7268961484035409
-0.29892850537295385 0.7269378505746067
-0.29894567998240557 0.7269961310709211
-0.2989124475311274 0.727030725396365
-0.2988482947140156 0.7270209673023201
-0.2987840846950638 0.7269776049998845
-0.29874757155067916 0.7269326455796402
-0.2987517441027416 0.7269160616959747
-0.2987907184654926 0.7269360800191802
-0.29884416593569363 0.7269758266303042
-0.2988875173881323 0.7270069903841516
-0.2989029928643804 0.7270097542606582
-0.2988866261990515 0.7269851213493698
-0.29884863973656933 0.7269521928163848
-0.2988076435534302 0.7269336796557823
-0.29878175553389164 0.726940430437497
-0.29878078013999687 0.7269653840079162
-0.29880273532308127 0.7269900645872055
-0.29883582898160116 0.7269980481654476
-0.2988645268466051 0.7269857163073582
-0.29887669587704785 0.7269633861701533
-0.2988686000243666 0.726947016442687
-0.29884574872166936 0.7269469630947499
-0.2988196027331016 0.726961601418435
-0.29880196944563364 0.7269796124579712
-0.29879977189647894 0.726988548748786
-0.29881246543818457 0.7269833095786175
-0.2988329968758338 0.7269688413800908
-0.29885154841888256 0.7269558158342437
-0.29886014293991797 0.7269528788491554
-0.29885598625013254 0.7269610218128901
-0.29884218793767614 0.7269736611410589
-0.29882579920844293 0.726981818527831
-0.298814303523463 0.7269804139481888
-0.29881226979415365 0.7269713187308527
-0.29881963289720875 0.7269614211314873
-0.2988321947330666 0.7269574895188335
-0.29884389581791404 0.7269616097287152
-0.29884967343135593 0.7269702251499756
-0.2988475874997097 0.726977083035878
-0.29883935472719286 0.7269777198764673
-0.2988292206589596 0.7269723056488239
-0.29882183663379863 0.7269650821413496
-0.29882017533785044 0.7269611024775674
-0.29882439429258595 0.7269627364704496
-0.29883204856169227 0.7269683291477239
-0.29883942392554436 0.7269737127735515
-0.29884329543179294 0.7269752720769228
-0.2988422989070768 0.7269723358084118
-0.29883735121241434 0.7269673404249913
-0.2988310257563302 0.7269638725512473
-0.29882625707403127 0.7269641246385365
-0.29882500840183274 0.7269675473574387
-0.29882749400936204 0.7269714962168893
-0.2988322491831836 0.7269732369825412
-0.2988369392679748 0.7269718127434579
-0.2988394809335864 0.7269685164075571
-0.2988389477196384 0.7269657847799879
-0.2988358749626535 0.7269654232913074
-0.29883188229681806 0.7269674376339541
-0.2988288454555376 0.7269702097573507
-0.29882803084374543 0.7269717657114763
-0.2988295855706181 0.7269711614419175
-0.2988325793428783 0.7269690271082233
-0.29883552720640316 0.726966979796338
-0.2988371114200684 0.7269664174473734
-0.2988367574951905 0.7269675809705363
-0.2988348187124248 0.7269695017591465
-0.2988323245385773 0.7269707847830038
-0.298830449914571 0.7269706087323482
-0.2988299727152937 0.726969235250875
-0.29883096486604654 0.726967724610895
-0.29883283209461237 0.7269671295675219
-0.29883464853003916 0.7269677718372297
-0.2988356055377166 0.7269690909698658
-0.2988353618462777 0.726970114710916
-0.298834148508715 0.7269701675519525
-0.2988326071610048 0.7269693069342745
-0.2988314613393194 0.726968212995424
-0.2988311846611557 0.7269676603142579
-0.2988318141564875 0.7269679756960196
-0.29883297729063996 0.7269688568474917
-0.2988340992565794 0.7269696419805799
-0.29883468026508175 0.7269698007974945
-0.29883451223892005 0.7269692868214029
-0.2988337439399063 0.7269685215856728
-0.29883277983693085 0.7269680575609818
-0.29883207370752046 0.7269681839767728
-0.29883191947009946 0.7269687534205492
-0.298832333624358 0.7269693273635947
-0.29883307391783104 0.7269695085548052
-0.29883377338171535 0.7269692117994871
-0.29883411852368263 0.7269686916565018
-0.2988339867438964 0.7269683318511062
-0.29883348413362915 0.7269683660056382
-0.29883287550135956 0.7269687303531728
-0.29883244847980084 0.7269691377739144
-0.2988323799888904 0.7269692998914428
-0.29883266602382863 0.7269691281117463
-0.2988331410153293 0.7269687756434623
-0.29883356935517225 0.7269685067609722
-0.2988337601118789 0.7269685013508765
-0.29883364998943013 0.7269687374564612
-0.29883331955646764 0.7269690262801296
-0.29883294193623255 0.7269691604293278
-0.2988326942865562 0.726969060834434
-0.2988326764208673 0.7269688197159649
-0.29883287310342604 0.7269686195378783
-0.2988331727679255 0.726968596577795
-0.29883342827402026 0.7269687499353872
-0.29883352762576443 0.7269689553366052
-0.2988334413982464 0.726969064018085
-0.2988332277057125 0.7269690092625288
-0.2988329968422865 0.7269688452094482
-0.29883285580307906 0.726968697254129
-0.2988328599221476 0.7269686673110539
-0.2988329928494843 0.7269687647099874
-0.29883318111059604 0.7269689087037612
-0.298833333213035 0.7269689938884424
-0.2988333831356538 0.7269689665207154
-0.29883331800518226 0.7269688571026549
-0.29883317887002775 0.7269687506237602
-0.298833036756463 0.7269687214706372
-0.2988329572532535 0.7269687822260668
-0.2988329709002547 0.7269688810051743
-0.2988330624376629 0.7269689444239424
-0.29883318214212623 0.7269689314369763
-0.2988332720173463 0.726968859024627
-0.2988332933883044 0.7269687843890086
-0.29883324299109193 0.7269687605206514
-0.29883315113895675 0.7269687991564661
-0.2988330644592047 0.726968866593639
-0.29883302266435274 0.7269689120885865
-0.29883304074522926 0.7269689055260895
-0.2988331043885401 0.7269688567495631
-0.2988331795019656 0.7269688046341805
-0.2988332300378409 0.7269687866104075
-0.2988332349763407 0.7269688121869889
-0.29883319661384045 0.7269688589029841
-0.29883313715044085 0.726968891416822
-0.2988330863470777 0.7269688879180519
-0.2988330669161457 0.726968854358215
-0.29883308468445413 0.7269688175398202
-0.2988331276145619 0.7269688040155483
-0.29883317322237324 0.7269688211911594
-0.29883320007663333 0.726968853886439
-0.29883319762578486 0.726968877323398
-0.2988331699760238 0.7269688757075538
-0.298833132498612 0.7269688526173043
-0.2988331035715643 0.7269688265800767
-0.2988330957662124 0.7269688164169174
-0.2988331106037688 0.7269688277979641
-0.2988331389454503 0.7269688504854548
-0.29883316627875006 0.7269688671959198
-0.29883317997817743 0.726968866624152
-0.29883317499024203 0.7269688509202314
-0.2988331554582165 0.7269688328184633
-0.2988331319143367 0.7269688254847083
-0.2988331157578493 0.7269688330600019
-0.2988331138432014 0.7269688486009982
-0.29883312569699044 0.726968860163723
-0.29883314442804815 0.7269688598665236
-0.2988331605684724 0.7269688491368673
-0.29883316677250643 0.7269688367520358
-0.2988331610794095 0.7269688317927746
-0.2988331473294163 0.7269688370786045
-0.29883313279707574 0.7269688477618049
-0.29883312442136806 0.7269688555853354
-0.2988331255531417 0.7269688551793516
-0.29883313471643463 0.726968847654345
-0.29883314678029876 0.7269688391610681
-0.2988331557509124 0.7269688359480508
-0.2988331576976591 0.7269688398298674
-0.29883315240871805 0.7269688473041042
-0.2988331431165581 0.7269688526033211
-0.29883313461873445 0.7269688520929192
-0.29883313084900126 0.7269688467000982
-0.2988331331059981 0.7269688408032373
-0.2988331397097313 0.7269688387262442
-0.2988331471000754 0.7269688416088064
-0.29883315170900887 0.7269688468858162
-0.29883315164375335 0.7269688505033718
-0.29883314740803574 0.7269688500014743
-0.29883314142151035 0.7269688461437904
-0.29883313668641764 0.7269688420516806
-0.29883313531450734 0.7269688407115099
-0.2988331376201786 0.7269688428218525
-0.2988331421495424 0.7269688465108329
-0.29883314653979376 0.7269688489473193
-0.29883314872400707 0.7269688484909074
-0.29883314788064935 0.7269688457652843
-0.29883314470383016 0.7269688429797525
-0.29883314092994556 0.7269688421644508
-0.298833138413753 0.7269688437109254
-0.29883313823398433 0.7269688462512162
-0.29883314025161173 0.7269688478316113
-0.29883314329051974 0.7269688473969392
-0.2988331457977936 0.7269688454709848
-0.2988331466235828 0.7269688436151972
-0.29883314553498863 0.726968843182119
-0.2988331432409576 0.7269688443454814
-0.29883314096125463 0.7269688460902375
-0.2988331397900212 0.7269688470755249
-0.29883314018079093 0.7269688466518218
-0.298833141790455 0.726968845270355
-0.2988331437230994 0.7269688440432033
-0.2988331450167594 0.7269688438601323
-0.2988331451136733 0.726968844754887
-0.2988331440883294 0.7269688459632735
-0.2988331425475626 0.7269688465635107
-0.2988331412843106 0.7269688461710272
-0.29883314087723356 0.7269688451704092
-0.2988331414345604 0.7269688443579226
-0.29883314259036503 0.7269688443147266
-0.2988331437288168 0.726968844998878
-0.2988331443051557 0.7269688458361417
-0.2988331440996191 0.7269688461947654
-0.2988331432897533 0.7269688458569905
-0.2988331423251856 0.7269688451395959
-0.29883314168481334 0.7269688446082996
-0.29883314164427466 0.7269688446361166
-0.2988331421637856 0.726968845146976
-0.2988331429381331 0.7269688457160275
-0.2988331435691512 0.7269688459177872
-0.29883314376629433 0.7269688456405262
-0.29883314347637846 0.7269688451376449
-0.29883314288671214 0.7269688448038122
-0.29883314231181235 0.7269688448687056
-0.29883314202909433 0.7269688452434122
-0.2988331421477475 0.7269688456183317
-0.29883314257143695 0.7269688457151057
-0.29883314306449044 0.7269688454902584
-0.2988331433799185 0.726968845143962
-0.2988331433810829 0.7269688449466358
-0.2988331430980229 0.7269688450304406
-0.29883314269683803 0.7269688453044808
