2.292431917944751 -0.8695282368975649
2.2873467011065713 -0.8635250891091198
2.280092319489608 -0.8548590508540114
2.2708854064386603 -0.8436801125818653
2.2599225090185873 -0.8300950275399099
2.247383049051887 -0.8141767338690624
2.2334318960436104 -0.7959726075539152
2.2182215150207765 -0.7755116008123263
2.2018936752589138 -0.752810319180435
2.184580725397913 -0.7278780905130868
2.166406457481016 -0.7007210842680595
2.1474865971228256 -0.6713455502766393
2.12792896902429 -0.6397602607449152
2.107833396037183 -0.6059782541546774
2.087291395759617 -0.5700179915352188
2.0663857413047393 -0.5319040415349384
2.045189952696074 -0.49166740946953624
2.0237677826017504 -0.4493456171911236
2.0021727550286323 -0.40498262660645384
1.9804478082473043 -0.35862868219321775
1.9586250836874108 -0.31034012945692113
1.936725891059389 -0.26017924932909736
1.9147608670550316 -0.20821413493475843
1.8927303315490527 -0.1545186281739907
1.8706248324506134 -0.09917232966700362
1.8484258595271668 -0.042260696681904984
1.8261066998060609 0.01612475082543477
1.8036334033932595 0.07588608663208998
1.7809658291645964 0.13691845511728748
1.758058744855688 0.19910931082298883
1.7348629654952523 0.2623373436689799
1.7113265278755545 0.3264709891061527
1.6873959172126685 0.39136639326989064
1.6630173863911977 0.4568646675882254
1.6381384401837693 0.5227882260789819
1.6127095993729126 0.588935956968027
1.5866866155080164 0.6550769538302231
1.5600333758506744 0.7209425573468861
1.5327258091157818 0.786216614979773
1.5047571381539198 0.8505242965543481
1.476144732617903 0.9134207292156905
1.446938416109 0.9743823519945012
1.4172291524589165 1.0328061281609577
1.3871555392775603 1.0880234964166287
1.3569041410254556 1.1393346628684105
1.3267000134422495 1.1860620854214354
1.2967871036244336 1.227611607653539
1.267403123184478 1.263523454981601
1.238756109456448 1.2934996350417067
1.2110081855482455 1.3174057052757768
1.1842680663300655 1.335254151667837
1.1585907656903431 1.3471791665006658
1.1339818675441284 1.3534103792822456
1.110404000693665 1.354249690835044
1.0877838928020511 1.3500527656266696
1.0660190628010153 1.3412152962992736
1.0449837004990756 1.328163542502582
1.0245335975878378 1.311348476760857
1.0045101948728061 1.2912428748446003
0.9847439479372282 1.2683407100781863
0.9650573213475394 1.2431581591801784
0.9452678137672439 1.2162353453316919
0.9251914814394401 1.1881376091779885
0.9046474197769944 1.1594546555207756
0.883463502595828 1.13079555120554
0.8614832872015364 1.1027776051091727
0.8385733847327187 1.0760080804593202
0.8146299812861765 1.0510596332900521
0.7895829656366564 1.0284427732949442
0.7633965724539767 1.0085802356919287
0.7360664597818614 0.9917878288594256
0.7076141669502594 0.9782641598522763
0.6780804243104663 0.9680888775151508
0.6475186947088515 0.9612270378017697
0.6159898728100026 0.9575364012975465
0.5835585844241608 0.9567746263011971
0.5502912237594798 0.958603845003023
0.5162558250021075 0.9625905540181501
0.48152414227096596 0.9681989252810964
0.44617705748265823 0.9747756816199205
0.41031599932022295 0.9815253199591994
0.37408604198833567 0.987477874729791
0.33772154395915366 0.9914624028271425
0.3016349706311406 0.9921244599855419
0.2666054032773938 0.9880778047831169
0.2342806126618142 0.9785969776419781
0.20743870523719413 0.9664754278143187
0.1868420363122777 0.9558853115599082
0.17200315185603524 0.9482876972380212
0.16235104705639847 0.9439726398120774
0.15737109202628252 0.9428186661914496
0.15660710024305893 0.9445347958863566
0.15965280163313386 0.9487285573026576
0.16614454627188438 0.9548969210111714
0.17575070792962372 0.9623701403462553
0.18814542746121093 0.9702244056989308
0.20294728623274966 0.9772057463682603
0.21961798289120668 0.9817911795623453
0.2373776428337444 0.9825373405467327
0.25516513658587237 0.9786184028486992
0.2714047489863471 0.9706085108712308
0.28400668412860086 0.9620306712816
0.2923092356158669 0.9562073350075893
0.29653542712382314 0.9540853518318368
0.297016559436204 0.9555634185904485
0.29406845101185175 0.9599985497312408
0.2880127165744152 0.9662317295123848
0.27931747539712465 0.972430483494417
0.2688730396450544 0.9762908106245014
0.25799282048140937 0.976233151034852
0.24807116523628783 0.9723362610861962
0.24041162332176888 0.9664682908745104
0.2357543867950422 0.9613428469385626
0.2340983828189802 0.9586214306061296
0.23515782917429257 0.9587723686583468
0.23859151003217188 0.9615151082605609
0.2439936992878305 0.9659151062912333
0.2507153066652519 0.9702681889550038
0.2577138279923257 0.9726282972341014
0.26389582355819696 0.9721671262754812
0.2684274657727043 0.9694765345276433
0.27079394053025035 0.9660671747414707
0.2708754714443013 0.9635388448324356
0.26889634961284653 0.962839886065209
0.2652948864559656 0.96408258631658
0.2606891052102685 0.9665884284594273
0.2558869783429247 0.9690572414037462
0.2517150289790304 0.9702593357720695
0.2487620851369594 0.969776704163186
0.24733684562162997 0.9680264574221107
0.2474980293094229 0.9659262532788465
0.2490634396376573 0.9644495848700894
0.2516553919445238 0.9642051163616667
0.25477928966778807 0.9652198453682996
0.2578946852209081 0.9669448770486673
0.2605020368743652 0.9685113942858776
0.2622449204112014 0.9692073904370726
0.2629494088780277 0.9688195688738246
0.2626054124917852 0.9676508874250507
0.2613507374611522 0.9663264685226381
0.25945662801803465 0.9654798208059667
0.2572849953975723 0.9654499306330879
0.25522169233886155 0.9661508389671178
0.2536047353990781 0.9671558668600428
0.2526613053081861 0.9679400992993364
0.25247742805812323 0.9681479477721512
0.253006259686001 0.9677384580563898
0.2540923622806613 0.9669685768776072
0.255501535434439 0.9662481982716862
0.2569643862311081 0.9659297849324293
0.258229768186812 0.9661391731292902
0.2591092298365429 0.9667343757613845
0.25950186686629606 0.9673976474277242
0.2593989425757913 0.9678049356065788
0.2588712944319703 0.9677835230171421
0.2580472773672568 0.9673808476600069
0.25708799929885545 0.9668221225248834
0.25616086230450585 0.9663855797587937
0.255412899026699 0.9662621913533612
0.254949114913423 0.9664735740703795
0.25481942998952806 0.9668807129771956
0.25501489171680797 0.9672669168687853
0.25547352822929753 0.9674491821625222
0.2560947897658384 0.9673628146947416
0.25675926086473083 0.9670809204523874
0.2573502905680977 0.9667651190129866
0.2577743700281764 0.9665771706349292
0.2579761116964325 0.9665991852903394
0.257944501023174 0.9668013508683563
0.25770997077867935 0.967067389594491
0.25733411091661823 0.9672596306617812
0.25689505563551884 0.9672886994341903
0.25647213531093704 0.9671530225397111
0.25613272416665134 0.9669314569957439
0.25592295269139387 0.9667373011124059
0.2558630562246151 0.9666601228721584
0.25594734201611574 0.9667250553710238
0.25614795432676746 0.9668871799583099
0.2564213210312366 0.9670599218405371
0.25671623789355447 0.9671606909236385
0.2569824703256058 0.967150205013811
0.2571786451212759 0.9670469210897765
0.25727833372606657 0.9669119667924201
0.2572734556973238 0.9668149005554854
0.25717441827844717 0.966798987316595
0.2570069426000215 0.9668629549847241
0.25680624493654985 0.9669663221679922
0.25660985810916687 0.9670532709644106
0.2564506709115823 0.9670816015110012
0.2563515987553118 0.9670421218131572
0.2563227374194736 0.966959959617063
0.2563611843191739 0.9668789912322848
0.2564531655756428 0.9668386639324974
0.25657772682709845 0.9668552242172672
0.25671107038368085 0.9669160012602412
0.256830693276426 0.9669882255398101
0.25691872306306807 0.9670367243491378
0.2569641226099241 0.9670410803089309
0.2569636584309481 0.9670039815426859
0.2569216755612924 0.9669475787208377
0.2568488100954443 0.9669008163791689
0.2567598466934532 0.9668847946494668
0.25667102995808955 0.9669034512328591
0.2565972498084446 0.9669435158025301
0.2565495866290614 0.9669827943908677
0.25653366591730864 0.9670019153279561
0.25654911348591647 0.9669934868185298
0.2565901596704769 0.966964480530203
0.25664719210474923 0.9669313667030893
0.25670886875015797 0.9669110967786587
0.25676431540264466 0.9669127391587229
0.25680496362570077 0.9669337764692569
0.2568257238786711 0.9669624091084688
0.25682538247966397 0.9669841613361885
0.25680629133708593 0.9669891625034757
0.2567735366306835 0.9669764985415591
0.25673381397611056 0.9669538037470843
0.25669422159409666 0.9669327568287811
0.25666114085244845 0.966923069141803
0.2566393303210856 0.9669280250087903
0.25663132519485865 0.9669435726023999
0.25663720428814357 0.9669610439057684
0.25665474992685694 0.9669718205324114
0.2566799737992383 0.9669714909205519
0.2567079189380539 0.9669615373910436
0.25673359115210237 0.9669479867839275
0.25675284194001324 0.966937989959508
0.2567630331015754 0.9669362046377802
0.25676336363740127 0.9669427622899266
0.2567548203876995 0.9669536498842446
0.25673980121443224 0.966963079554091
0.25672152656842995 0.9669664947775639
0.2567033841588016 0.9669626855967132
0.2566883399545294 0.9669540695958332
0.2566785086294444 0.9669451808139398
0.2566749258981778 0.9669402759355165
0.25667752028457386 0.9669413058012842
0.2566852521050423 0.966947199199784
0.25669637386193783 0.9669546759335128
0.25670876349537997 0.966960044147293
0.2567202829785809 0.9669610147110551
0.2567291154495311 0.9669576536946751
0.2567340351396766 0.9669520995519316
0.25673456974427844 0.9669473079206645
0.25673102849632967 0.9669455318127319
0.2567243917952926 0.9669473014100324
0.2567160858269948 0.9669513474868843
0.2567076904488351 0.9669554092332542
0.2567006424358992 0.9669574436246973
0.25669599408406335 0.966956606953444
0.2566942699325095 0.9669535530626611
0.2566954380082033 0.9669499707402913
0.2566989850022256 0.9669476606170376
0.25670406477133745 0.9669476461188551
0.2567096807131293 0.9669497475785027
0.25671486474397914 0.9669527812887021
0.2567188251620731 0.9669552259722781
0.2567210475800592 0.9669559879016536
0.2567213433337718 0.9669548844559288
0.25671984667771064 0.9669526400290624
0.25671696632640717 0.966950444996596
0.2567133002248405 0.96694933503075
0.2567095261209573 0.966949709166613
0.2567062844475299 0.9669512056158751
0.2567040726818446 0.9669529587843655
0.25670316975544477 0.9669540737867811
0.25670360406491477 0.9669540658762708
0.25670516972973123 0.9669530548451111
0.2567074852031823 0.9669516447184577
0.25671007926105094 0.9669505790703152
0.2567124844598839 0.9669503623489805
0.25671431861216665 0.9669510351106663
0.2567153400483304 0.9669521975010728
0.25671547030547703 0.96695324524027
0.2567147857269415 0.9669536825720005
0.2567134851222934 0.9669533525805223
0.2567118431960067 0.9669524811168747
0.25671015926769775 0.9669515312655388
0.2567087090363393 0.9669509574764102
0.25670770501460743 0.9669509882777086
0.256707269500199 0.9669515397931197
0.2567074225881839 0.9669522887072617
0.2567080863271115 0.9669528532343824
0.25670910424172444 0.9669529835313853
0.2567102730505547 0.9669526683970608
0.25671138099385804 0.9669521151284199
0.2567122455799797 0.9669516253126131
0.2567127434960476 0.9669514375401156
0.2567128271739615 0.9669516169092003
0.25671252566210184 0.9669520403902432
0.25671193110304885 0.9669524755720086
0.2567111751666932 0.9669527051337481
0.25671040140684137 0.9669526318829087
0.25670973942423947 0.9669523151078503
0.25670928525023706 0.9669519272589413
0.2567090902190615 0.9669516597769982
0.2567091585322078 0.9669516287491129
0.2567094522540078 0.9669518261597418
0.25670990175468533 0.9669521358696209
0.2567104194574984 0.9669524001856193
0.2567109148394197 0.9669524997824395
0.2567113087445146 0.9669524069933636
0.25671154515269884 0.9669521893991717
0.25671159873530497 0.9669519670432022
0.2567114770036214 0.9669518487313046
0.2567112166966889 0.9669518804311379
0.25671087514824414 0.9669520295647723
0.25671051843526227 0.9669522091527092
0.25671020880114453 0.9669523260104312
0.25670999392070387 0.9669523271032715
0.2567098999959066 0.9669522216638419
0.2567099296318682 0.9669520707071138
0.25671006427908605 0.9669519522723744
0.2567102700865939 0.9669519217031075
0.2567105055181878 0.9669519867807576
0.2567107290812925 0.9669521083551351
0.25671090587954964 0.966952223681199
0.2567110122160436 0.9669522789250397
0.2567110379523998 0.966952254190592
0.2567109866678506 0.9669521696929956
0.2567108738639907 0.9669520719701776
0.25671072359225966 0.9669520088032502
0.2567105640099723 0.9669520061139442
0.25671042251467646 0.9669520578121921
0.2567103212209645 0.9669521321832174
0.2567102735502404 0.9669521900232524
0.2567102825413076 0.9669522045216212
0.25671034115792957 0.9669521730544188
0.2567104344421374 0.9669521159794485
0.2567105429611098 0.9669520643351033
0.2567106467423054 0.9669520435498421
0.25671072885733454 0.9669520614978485
0.2567107779939753 0.9669521062913577
0.25671078967194144 0.9669521539287663
0.25671076610077465 0.9669521811127016
0.25671071494744285 0.966952176501106
0.25671064742221356 0.966952145079091
0.25671057610560594 0.9669521042022897
0.25671051286961527 0.9669520740458081
0.2567104671482206 0.966952067634425
0.25671044472517285 0.9669520853182192
0.2567104471419213 0.9669521159190175
0.25671047177162415 0.9669521433193788
0.25671051253596555 0.966952154753808
0.2567105611514965 0.9669521466155067
0.2567106086946786 0.9669521252204453
0.2567106472004271 0.9669521026755378
0.25671067099058814 0.9669520903585787
0.2567106774838069 0.9669520934232247
0.2567106673578319 0.966952108899295
0.2567106440860337 0.9669521279518735
0.2567106130067192 0.9669521407834102
0.25671058016782766 0.9669521415283805
0.2567105512025557 0.9669521307568252
0.25671053044058595 0.9669521146017839
0.25671052037151953 0.9669521012640622
0.25671052148485607 0.9669520968478044
0.2567105324402746 0.9669521026128327
0.25671055048373076 0.9669521148365572
0.2567105720145537 0.9669521270950048
0.2567105932135622 0.9669521336191899
0.25671061065016887 0.9669521319962326
0.25671062179259996 0.9669521239754144
0.2567106253530299 0.9669521141819178
0.25671062141599443 0.9669521075744326
0.25671061132897804 0.9669521070067829
0.25671059737653884 0.96695211206524
0.2567105823038925 0.9669521196152836
0.2567105687887083 0.9669521256175837
0.25671055896929984 0.9669521272007856
0.2567105541193838 0.9669521239558159
0.2567105545196615 0.9669521178988687
0.25671055952754535 0.9669521122530816
0.256710567803357 0.9669521097586937
0.25671057762554106 0.9669521113805861
0.256710587222759 0.966952116003169
0.2567105950634771 0.966952121164711
0.25671060006542695 0.9669521243733488
0.256710601709292 0.9669521243099056
0.2567106000574787 0.966952121346245
0.25671059568872456 0.9669521171962819
0.2567105895648669 0.9669521139551478
0.25671058285056164 0.9669521130527228
0.25671057671174846 0.9669521146362774
0.2567105721232308 0.9669521176371266
0.2567105697169603 0.9669521204189314
0.25671056969761175 0.9669521216336774
0.2567105718399583 0.9669521208485666
0.2567105755655937 0.9669521186625688
0.25671058007931635 0.966952116307769
0.25671058453320494 0.9669521149815913
0.2567105881827445 0.9669521152621706
0.2567105905049487 0.966952116883512
0.25671059126077217 0.9669521189445383
0.2567105904987905 0.9669521204077426
0.2567105885096167 0.9669521206165937
0.25671058574791716 0.9669521195784112
0.2567105827405977 0.9669521178982672
