2.162994226730962 -1.2050280995949607
2.161783716831142 -1.2057836785388856
2.1605767513743737 -1.2065440039465882
2.1593733392154273 -1.2073091600080064
2.158173489465393 -1.208079231875354
2.1569772114941363 -1.2088543056742629
2.1557845149327943 -1.2096344685149982
2.1545954096763076 -1.2104198085037465
2.153409905885995 -1.2112104147539757
2.152228013992168 -1.2120063773978647
2.151049744696784 -1.2128077875977996
2.149875108976144 -1.2136147375579385
2.148704118083631 -1.2144273205358371
2.1475367835524883 -1.2152456308541384
2.1463731171986433 -1.2160697639123204
2.145213131123572 -1.2168998161985012
2.1440568377172085 -1.2177358853012992
2.1429042496608974 -1.218578069921744
2.14175537993039 -1.219426469885236
2.1406102417988864 -1.2202811861535532
2.1394688488401203 -1.2211423208368986
2.138331214931492 -1.2220099772059874
2.137197354257244 -1.2228842597041707
2.1360672813116848 -1.2237652739595897
2.134941010902457 -1.2246531267973577
2.133818558153854 -1.2255479262517672
2.1326999385101817 -1.2264497815785145
2.1315851677391686 -1.22735880326694
2.1304742619354213 -1.2282751030522783
2.1293672375239305 -1.2291987939279128
2.1282641112636216 -1.23012999015763
2.1271649002509547 -1.2310688072878684
2.126069621923573 -1.2320153621599546
2.124978294063997 -1.2329697729223223
2.123890934803371 -1.233932159042707
2.122807562625251 -1.2349026413203101
2.121728196369449 -1.2358813418979246
2.1206528552359183 -1.2368683842740171
2.11958155878869 -1.2378638933147563
2.1185143269598576 -1.2388679952659818
2.1174511800536076 -1.2398808177651046
2.116392138750298 -1.2409024898529302
2.115337224110586 -1.2419331419853954
2.1142864575795963 -1.2429729060452115
2.1132398609911442 -1.2440219153534011
2.112197456571997 -1.2450803046807213
2.1111592669461845 -1.2461482102589607
2.1101253151393524 -1.2472257697921012
2.109095624583161 -1.248313122467332
2.108070219119726 -1.2494104089659048
2.1070491230060995 -1.2505177714738178
2.106032360918796 -1.2516353536923157
2.1050199579583566 -1.2527633008481935
2.1040119396539505 -1.253901759703889
2.1030083319680166 -1.2550508785673515
2.10200916130094 -1.2562108073016707
2.101014454495764 -1.2573816973344525
2.1000242388429333 -1.258563701666924
2.0990385420850717 -1.2597569748827526
2.098057392421786 -1.2609616731565625
2.0970808185145 -1.262177954262131
2.09610884949131 -1.2634059775802464
2.095141514951868 -1.2646459041062101
2.0941788449722822 -1.265897896456962
2.093220870110034 -1.2671621188778104
2.0922676214089133 -1.2684387372487465
2.0913191304039636 -1.2697279190903212
2.0903754291264347 -1.2710298335690637
2.0894365501087435 -1.2723446515024188
2.088502526389433 -1.2736725453631788
2.087573391518131 -1.2750136892833888
2.0866491795605024 -1.2763682590576986
2.0857299251031884 -1.277736432146137
2.084815663258735 -1.2791183876762824
2.0839064296704954 -1.280514306444802
2.0830022605175134 -1.2819243709183352
2.0821031925193707 -1.2833487652336892
2.0812092629410017 -1.2847876751973202
2.080320509597465 -1.2862412882840706
2.079436970858666 -1.2877097936351305
2.0785586856540266 -1.289193382055194
2.0776856934770884 -1.2906922460087762
2.076818034390054 -1.292206579615661
2.0759557490282456 -1.2937365786454433
2.0750988786044826 -1.2952824405111343
2.074247464913364 -1.296844364261792
2.073401550335453 -1.298422550574144
2.072561177841346 -1.3000172017431653
2.071726390995628 -1.3016285216715717
2.0708972339606917 -1.3032567158581958
2.0700737515004226 -1.3049019913852022
2.069255988983729 -1.306564556904106
2.0684439923879125 -1.3082446226205535
2.0676378083018636 -1.3099424002778257
2.0668374839290733 -1.3116581031390215
2.0660430670904466 -1.3133919459678827
2.0652546062269037 -1.3151441450082149
2.0644721504017576 -1.3169149179618644
2.0636957493028536 -1.3187044839652082
2.0629254532444556 -1.3205130635641118
2.0621613131688656 -1.3223408786873136
2.061403380647758 -1.32418815261819
2.0606517078832174 -1.3260551099648592
2.059906347708459 -1.3279419766285774
2.0591673535882182 -1.329848979770385
2.0584347796187874 -1.331776347775956
2.057708680527689 -1.3337243102186107
2.0569891116729604 -1.3356930978204418
2.056276129042031 -1.3376829424115155
2.05556978925018 -1.3396940768871013
2.054870149538547 -1.3417267351628874
2.054177267771676 -1.343781152128142
2.0534912024345773 -1.3458575635967744
2.052812012629282 -1.3479562062562598
2.0521397580708665 -1.3500773176143837
2.051474499082928 -1.3522211359437695
2.050816296592488 -1.3543879002241517
2.0501652121242997 -1.3565778500823558
2.0495213077945365 -1.3587912257299528
2.0488846463038413 -1.3610282678985546
2.048255290929709 -1.3632892177727167
2.0476333055181812 -1.3655743169204224
2.0470187544748293 -1.3678838072211175
2.0464117027549995 -1.3702179307912745
2.0458122158533016 -1.3725769299074606
2.0452203597923093 -1.3749610469268918
2.0446362011104577 -1.377370524205456
2.0440598068491056 -1.3798056040131912
2.043491244538746 -1.38226652844721
2.0429305821843387 -1.3847535393420616
2.0423778882497414 -1.3872668781775301
2.041833231641221 -1.3898067859838692
2.0412966816900164 -1.3923735032444793
2.0407683081339423 -1.3949672697960371
2.040248181098003 -1.3975883247260898
2.0397363710740026 -1.400236906268136
2.039232948899136 -1.4029132516942144
2.038737985733533 -1.4056175972050349
2.0382515530367518 -1.4083501778176788
2.037773722543199 -1.4111112272509176
2.037304566236465 -1.4139009778081923
2.0368441563225623 -1.4167196602583048
2.036392565202059 -1.4195675037138837
2.035949865441097 -1.4224447355076897
2.0355161297412883 -1.4253515810668276
2.0350914309084858 -1.428288263784951
2.034675841820429 -1.43125500489254
2.0342694353932584 -1.4342520233253477
2.0338722845469106 -1.4372795355911128
2.0334844621693913 -1.440337755634648
2.0331060410799378 -1.443426894701418
2.0327370939910856 -1.4465471611997276
2.0323776934696456 -1.4496987605616514
2.032027911896616 -1.4528818951028395
2.0316878214260465 -1.4560967638813453
2.031357493942881 -1.4593435625556261
2.031037001019801 -1.4626224832418742
2.030726413873107 -1.465933714370846
2.0304258033176708 -1.4692774405443614
2.030135239720995 -1.4726538423916524
2.0298547929564243 -1.4760630964257484
2.029584532355554 -1.4795053749000906
2.0293245266598863 -1.4829808456655744
2.029074843971788 -1.486489672028225
2.028835551704809 -1.4900320126077153
2.028606716533421 -1.493608021196944
2.0283884043422455 -1.497217846622891
2.028180680174839 -1.5008616326089759
2.0279836081821094 -1.5045395176391496
2.0277972515704428 -1.5082516348239468
2.0276216725496186 -1.5119981117687358
2.027456932280602 -1.5157790704444023
2.0273030908232976 -1.5195946270607033
2.027160207084359 -1.5234448919425294
2.0270283387651467 -1.5273299694093172
2.0269075423099348 -1.5312499576578467
2.0267978728544604 -1.5352049486486614
2.0266993841749263 -1.5391950279963482
2.0266121286375545 -1.5432202748639055
2.0265361571488008 -1.5472807618614308
2.0264715191063374 -1.5513765549493521
2.0264182623509126 -1.5555077133464204
2.0263764331191982 -1.559674289442677
2.026346075997734 -1.5638763287176038
2.0263272338780807 -1.5681138696636532
2.026319947913291 -1.5723869437153482
2.026324257475812 -1.5766955751841372
2.026340200116922 -1.5810397811991705
2.026367811527812 -1.585419571654164
2.02640712550242 -1.5898349491604962
2.0264581739021135 -1.5942859090066794
2.0265209866223297 -1.598772439124328
2.026595591561262 -1.6032945200607378
2.026682014590693 -1.6078521249581719
2.0267802795290595 -1.612445219539942
2.0268904081168353 -1.617073762103349
2.0270124199943136 -1.621737703519542
2.027146332681863 -1.6264369872403304
2.0272921615627277 -1.6311715493119767
2.027449919868433 -1.6359413183959728
2.0276196186668582 -1.6407462157967942
2.0278012668530256 -1.6455861554966065
2.0279948711426483 -1.650461044196881
2.02820043606848 -1.6553707813668659
2.0284179639794906 -1.6603152592988357
2.028647455042897 -1.6652943631700325
2.02888890724906 -1.6703079711111937
2.029142316419259 -1.6753559542815462
2.029407676216342 -1.6804381769501322
2.029684978158247 -1.6855544965833178
2.0299742116343786 -1.6907047639383208
2.0302753639248183 -1.6958888231625824
2.0305884202223363 -1.7011065118987925
2.030913363657171 -1.7063576613953688
2.0312501753245304 -1.7116420966221764
2.0315988343147646 -1.7169596363912654
2.0319593177461472 -1.7223100934823938
2.032331600800208 -1.727693274773095
2.032715656759538 -1.7331089813730394
2.0331114570479945 -1.7385570087624327
2.033518971273222 -1.744037146934191
2.0339381672713963 -1.7495491805396224
2.0343690111541077 -1.7550928890373403
2.034811467357273 -1.7606680468451383
2.035265498691984 -1.7662744234945429
2.035731066397182 -1.771911783787766
2.0362081301940487 -1.777579887956776
2.036696648342 -1.7832784918242073
2.0371965776961733 -1.7890073469658285
2.037707873766282 -1.794766200874291
2.0382304907767277 -1.8005547971238844
2.0387643817278436 -1.8063728755360262
2.039309498458152 -1.8122201723452194
2.0398657917075123 -1.818096420365216
2.040433211181043 -1.82400134915513
2.041011705613691 -1.82993468518525
2.0416012228353337 -1.835896152002308
2.042201709836294 -1.8418854703939684
2.042813112833152 -1.8479023585523102
2.0434353773347356 -1.8539465322360835
2.044068448208185 -1.8600177049315283
2.0447122697449713 -1.866115588011555
2.045366785726773 -1.872239890893094
2.0460319394910966 -1.8783903211924333
2.0467076739965497 -1.8845665848783706
2.047393931887662 -1.890768386423017
2.04809065555917 -1.8969954289501012
2.0487977872196645 -1.9032474143806322
2.04951526895453 -1.909524043575787
2.050243042788084 -1.9158250164769035
2.0509810507448423 -1.9221500322424663
2.0517292349098453 -1.9284987893819845
2.052487537487967 -1.9348709858866702
2.0532559008621516 -1.941266319356835
2.0540342676505143 -1.9476844871259347
2.0548225807622567 -1.9541251863811988
2.0556207834523423 -1.9605881142807904
2.056428819374891 -1.967072968067454
2.057246632635248 -1.973579445178614
2.058074167840694 -1.9801072433528992
2.058911370149765 -1.9866560607330706
2.059758185320147 -1.9932255959653429
2.0606145597551304 -1.9998155482950972
2.061480440548597 -2.0064256176589845
2.0623557755285304 -2.0130555047734324
2.0632405132990264 -2.019704911219571
2.0641346032808063 -2.026373539524597
2.0650379957502207 -2.0330610932396103
2.0659506418767397 -2.0397672770139494
2.066872493758936 -2.0464917966660674
2.067803504458961 -2.0532343592509905
2.0687436280355187 -2.0599946731244065
2.0696928195753515 -2.066772448003434
2.0706510352232432 -2.073567395024127
2.071618232210557 -2.08037922679577
2.0725943688823234 -2.0872076574520313
2.0735794047228975 -2.094052402699029
2.0745733003802007 -2.100913179860383
2.0755760176885727 -2.1077897079193164
2.076587519690256 -2.1146817075578794
2.0776077706555367 -2.1215889011933617
2.0786367361015654 -2.1285110130119724
2.0796743828098885 -2.1354477689998563
2.0807206788427153 -2.142398896971523
2.0817755935579507 -2.149364126595762
2.082839097623022 -2.156343189419124
2.0839111630275284 -2.163335818887035
2.0849917630947497 -2.170341750362628
2.086080872492036 -2.177360721143363
2.0871784672401184 -2.1843924704755113
2.088284524721366 -2.191436739566579
2.089399023687025 -2.198493271595743
2.0905219442634686 -2.205561811722373
2.09165326795749 -2.2126421070927162
2.092792977660673 -2.219733906844806
2.0939410576528665 -2.226836962111679
2.095097493604797 -2.2339510260229556
2.0962622725798523 -2.241075853704867
2.0974353830350596 -2.248211202278781
2.098616814821297 -2.255356830858301
2.0998065591827606 -2.262512500545005
2.101004608755722 -2.2696779744228754
2.1022109575665984 -2.2768530175514945
2.103425601029373 -2.284037396958055
2.104648535942381 -2.291230881628252
2.105879760484501 -2.2984332424961034
2.1071192742107643 -2.305644252432767
2.1083670780474226 -2.3128636862343925
2.1096231742864866 -2.3200913206090727
2.1108875665797657 -2.327326934162937
2.112160259932432 -2.33457030738544
2.113441260696129 -2.341821222633888
2.1147305765616533 -2.349079464117252
2.116028216551221 -2.3563448178793087
2.117334191010349 -2.3636170717811567
2.1186485115993654 -2.3708960154831384
2.1199711912845727 -2.3781814404262187
2.121302244329077 -2.3854731398128486
2.1226416862833073 -2.392770908587355
2.1239895339752377 -2.4000745434158897
2.125345805500332 -2.407383842665967
2.1267105202112244 -2.4146986063856306
2.128083698707154 -2.42201863628227
2.129465362823167 -2.42934373570112
2.1308555356190975 -2.4366737096034714
2.132254241368348 -2.444008364544618
2.1336615055464754 -2.4513475086515615
2.1350773548195963 -2.4586909516005053
2.1365018170326264 -2.466038504594149
2.1379349211973633 -2.4733899803388155
2.1393766974804223 -2.480745193021424
2.1408271771910377 -2.4881039582863256
2.142286392768738 -2.4954660932120274
2.143754377770905 -2.5028314162878136
2.1452311668602246 -2.5101997473902817
2.1467167957920377 -2.517570907759809
2.1482113014016018 -2.5249447199769617
2.149714721591268 -2.5323210079388567
2.151227095317581 -2.5396995968354936
2.1527484625783093 -2.547080313126059
2.1542788643994144 -2.554462984515219
2.155818342821961 -2.561847439929405
2.1573669408889766 -2.569233509493101
2.158924702632267 -2.57662102450514
2.1604916730591897 -2.5840098174150143
2.1620678981393953 -2.5913997217992057
2.163653424791536 -2.5987905723375384
2.165248300869952 -2.60618220478956
2.1668525751513332 -2.613574455970951
2.1684662973213666 -2.620967163729968
2.170089517961373 -2.6283601669239176
2.171722288534931 -2.6357533053956663
2.1733646613745012 -2.643146419950181
2.175016689668046 -2.6505393523311054
2.1766784274456543 -2.6579319451973626
2.178349929566172 -2.665324042099792
2.180031251703843 -2.672715487457807
2.1817224503349646 -2.6801061265360793
2.1834235827245574 -2.687495805421238
2.1851347069130584 -2.694884370998585
2.186855881703037 -2.702271670928817
2.188587166645938 -2.709657553624752
2.190328622028857 -2.7170418682280473
2.192080308861348 -2.724424464585912
2.193842288862271 -2.731805193227795
2.1956146244466805 -2.7391839053420513
2.197397378712759 -2.746560452752566
2.1991906154288006 -2.75393468789534
2.200994399020247 -2.761306463795012
2.2028087945567822 -2.768675634041324
2.204633867739485 -2.7760420527655008
2.206469684888051 -2.7834055746165474
2.2083163129280825 -2.790766054737442
2.2101738193784537 -2.798123348741218
2.212042272338755 -2.8054773126869157
2.2139217404768217 -2.812827803055396
2.2158122930163513 -2.820174676724999
2.2177139997246176 -2.8275177909470295
2.219626930900283 -2.834857003321061
2.2215511573613163 -2.842192171770035
2.223486750433024 -2.84952315451514
2.225433781936199 -2.85684981005046
2.227392324175392 -2.8641719971173654
2.229362449927315 -2.8714895746786313
2.231344232429382 -2.8788024018922673
2.2333377453683947 -2.886110338085035
2.235343062869378 -2.893413242725634
2.237360259484578 -2.900710975397536
2.2393894101826235 -2.908003395771448
2.2414305903378646 -2.915290363577376
2.243483875719894 -2.9225717385762735
2.2455493424832595 -2.9298473805312475
2.2476270671573784 -2.9371171491782984
2.249717126636657 -2.94438090419657
2.2518195981708335 -2.9516385051780833
2.253934559355545 -2.9588898115969298
2.2560620881231337 -2.966134682777894
2.2582022627337 -2.9733729778644817
2.2603551617664115 -2.980604555786323
2.2625208641110817 -2.987829275225923
2.2646994489600245 -2.995046994584728
2.2668909958001993 -3.002257571948479
2.2690955844056533 -3.0094608650518224
2.2713132948302763 -3.0166567312421413
2.273544207400877 -3.0238450274425777
2.2757884027105897 -3.0310256101142126
2.2780459616126287 -3.0381983352173676
2.280316965214396 -3.0453630581719944
2.282601494871958 -3.0525196338171123
2.284899632184903 -3.059667916369263
2.2872114589915835 -3.066807759379935
2.2895370573647713 -3.0739390156919333
2.2918765096077176 -3.0810615373946346
2.294229898250647 -3.0881751757781064
2.296597306047685 -3.095279781286036
2.2989788159742406 -3.1023752034674295
2.3013745112248447 -3.109461290927039
2.3037844752114682 -3.1165378912744703
2.306208791562321 -3.1236048510719256
2.3086475441211474 -3.1306620157805343
2.3111008169470324 -3.137709229705223
2.31356869431472 -3.144746335938076
2.3160512607154655 -3.1517731763001358
2.318548600858423 -3.1587895912815878
2.321060799672581 -3.1657954199802805
2.32358794230926 -3.172790500038527
2.326130114145169 -3.179774667578127
2.3286874007860465 -3.1867477571335563
2.331259888070875 -3.193709601583265
2.333847662076691 -3.200660032079024
2.3364508091239897 -3.2075988779732563
2.339069415782731 -3.214525966744295
2.3417035688789527 -3.2214411239195004
2.344353355501994 -3.228344172996171
2.3470188630123334 -3.2352349353601824
2.3497001790500427 -3.242113230202285
2.352397391543855 -3.24897887443199
2.355110588720851 -3.255831682588971
2.3578398591167593 -3.2626714667519106
2.360585291586867 -3.269498036444714
2.363346975317538 -3.2763111985400135
2.3661249998383296 -3.283110757159888
2.3689194550347064 -3.2898965135737135
2.37173043116133 -3.296668266093066
2.3745580188559257 -3.3034258099635934
2.377402309153703 -3.3101689372537653
2.380263393502319 -3.316897436740427
2.3831413637773617 -3.3236110937910524
2.38603631229834 -3.3303096902426206
2.3889483318451457 -3.336993004277013
2.3918775156749716 -3.343660810292845
2.3948239575396504 -3.350312878773633
2.3977877517033805 -3.356948976152201
2.400768992960807 -3.3635688646712265
2.4037677766554157 -3.370172302239832
2.406784198698193 -3.37675904228611
2.4098183555865096 -3.3833288336054888
2.4128703444231716 -3.3898814202048277
2.4159402629355826 -3.396416541142142
2.4190282094949547 -3.4029339303618444
2.4221342831355015 -3.4094333165253996
2.4252585835735405 -3.415914422837282
2.4284012112264235 -3.422376966866126
2.431562267231211 -3.4288206603609606
2.4347418534630014 -3.435245209062411
2.4379400725528098 -3.441650312508767
2.441157027904895 -3.448035663836792
2.4443928237134154 -3.454400949577174
2.4476475649782947 -3.4607458494444967
2.45092135752016 -3.4670700361216262
2.4542143079942127 -3.473373175038398
2.4575265239028807 -3.4796549241444943
2.460858113607084 -3.4859149336764053
2.464209186335943 -3.4921528459183606
2.467579852194737 -3.4983682949571318
2.470970222170919 -3.5045609064305894
2.4743804081379617 -3.5107302972699226
2.477810522856817 -3.5168760754354103
2.48126067997473 -3.522997839645649
2.4847309940211595 -3.529095179100137
2.4882215804005074 -3.5351676731951174
2.4917325553813736 -3.5412148912325927
2.495264036082003 -3.547236392122409
2.4988161404515887 -3.5532317240773272
2.5023889872470644 -3.559200424300988
2.5059826960049905 -3.56514201866868
2.5095973870081223 -3.5710560214008282
2.5132331812462083 -3.576941934729099
2.516890200370542 -3.582799248555045
2.520568566641754 -3.588627440101175
2.5242684028703013 -3.594425973554353
2.527989832349061 -3.6001942997014105
2.5317329787774048 -3.6059318555568387
2.5354979661760746 -3.611638063982421
2.5392849187921422 -3.6173123332986363
2.5430939609932657 -3.6229540568876373
2.546925217150411 -3.628562612787571
2.550778811508133 -3.634137363277972
2.554654868041438 -3.639677654455895
2.558553510298177 -3.64518281580239
2.562474861225818 -3.650652159738849
2.5664190429813636 -3.656084981172647
2.570386176723048 -3.6614805570313864
2.5743763823823427 -3.6668381457849115
2.5783897784146457 -3.672156986954091
2.5824264815268667 -3.677436300605167
2.5864866063799483 -3.6826752868282253
2.5905702652641356 -3.6878731251980597
2.594677567744577 -3.6930289742153666
2.5988086202745406 -3.69814197072581
2.602963525773212 -3.7032112293140242
2.607142383164644 -3.70823584166907
2.611345286873975 -3.7132148759172146
2.615572326276493 -3.7181473759171295
2.619823585094488 -3.723032360511718
2.6240991407360568 -3.727868822729711
2.6283990635691334 -3.732655728928947
2.6327234161228987 -3.7373920178717883
2.63707225220741 -3.7420765997214276
2.641445615940675 -3.746708354945829
2.645843540670444 -3.7512861331137097
2.6502660477755953 -3.755808751564196
2.654713145329054 -3.760274993928552
2.6591848266005638 -3.7646836084785638
2.6636810683731533 -3.769033306271664
2.6682018290415446 -3.7733227590575886
2.6727470464538112 -3.777550596905115
2.6773166354488254 -3.7817154055000293
2.6819104850309987 -3.785815723056743
2.6865284551098236 -3.7898500367755967
2.6911703727138434 -3.793816778765592
2.6958360275657545 -3.7977143213376277
2.7005251668757344 -3.801540971555879
2.705237489171605 -3.8052949649141192
2.7099726369340686 -3.8089744579788882
2.7147301877388785 -3.8125775198116547
2.719509643519593 -3.816102121946494
2.7243104174464903 -3.819546126657247
2.72913181775773 -3.82290727319734
2.733973027661606 -3.8261831616351962
2.7388330801299876 -3.829371233837139
2.7437108259884058 -3.8324687510672577
2.748604893126931 -3.8354727675800993
2.753513633833004 -3.838380099480206
2.758435056070468 -3.841187288020235
2.7633667328297307 -3.8438905564243657
2.7683056811983198 -3.8464857592927286
2.7732481991670213 -3.8489683237389474
2.7781896428258004 -3.8513331817800993
2.7831241186911657 -3.853574694414136
2.7880440543159546 -3.8556865698190275
2.792939593730954 -3.857661782215037
2.797797741715451 -3.8594925060871934
2.8026011539352758 -3.861170096253384
2.807326448733054 -3.862685173934731
2.8119419350692128 -3.864027932035318
2.8164048021906685 -3.865188858540801
2.8206583026588605 -3.866160184894429
2.824630587196689 -3.8669384047304804
2.828238629027278 -3.867527892522696
2.8314015039341407 -3.8679445427818497
2.8340629620036077 -3.8682166924655084
2.836212422518263 -3.868380691144084
2.8378884204923707 -3.8684725224408525
2.8391619433782904 -3.868520854556664
2.84011364610857 -3.8685449652519814
2.840817936057608 -3.8685563487540637
2.841336353609714 -3.868561335944825
2.841716897028211 -3.868563238951647
2.8419958534832657 -3.8685637290397
2.842200213658373 -3.8685636235054766
2.842349887141991 -3.8685633078122725
2.8424594995389345 -3.868562954168002
2.842539773626265 -3.8685626321813484
2.8425985639011526 -3.8685623638899607
2.8426416218695354 -3.8685621506105226
2.84267315874483 -3.868561985705194
2.842696258023352 -3.868561860405715
2.8427131776205052 -3.8685617662776637
2.842725571033079 -3.8685616961041376
2.8427346492158807 -3.868561644061037
2.842741299073313 -3.868561605603105
2.8427461702040997 -3.8685615772556923
2.8427497384128912 -3.8685615563978355
2.842752352216548 -3.868561541070041
2.842754266901456 -3.8685615298161964
2.8427556694660887 -3.868561521558774
2.8427566968892415 -3.868561515502729
2.842757449510482 -3.868561511062649
2.8427580008308997 -3.8685615078081095
2.842758404692012 -3.8685615054229685
2.8427587005343034 -3.8685615036751964
2.8427589172491516 -3.868561502394586
2.842759076000426 -3.8685615014563313
2.8427591922913638 -3.8685615007689393
2.8427592774786143 -3.868561500265354
2.8427593398813147 -3.8685614998964355
2.842759385593524 -3.868561499626176
2.8427594190793535 -3.8685614994281945
2.8427594436089234 -3.868561499283162
2.842759461577713 -3.8685614991769186
2.8427594747404963 -3.86856149909909
2.8427594843827073 -3.8685614990420776
2.842759491445973 -3.868561499000313
2.8427594966200687 -3.8685614989697195
2.84275950041028 -3.8685614989473085
2.8427595031867456 -3.8685614989308914
2.8427595052206067 -3.868561498918865
2.8427595067104834 -3.8685614989100556
2.8427595078018713 -3.8685614989036026
2.8427595086013517 -3.868561498898875
2.842759509187 -3.868561498895412
2.8427595096160085 -3.8685614988928756
2.8427595099302727 -3.8685614988910175
2.842759510160483 -3.8685614988896564
2.84275951032912 -3.868561498888659
2.8427595104526526 -3.8685614988879284
